#Parameters = {D=5; L=135.5; R_=5; eps=4; gap=20; sig=0.1; zg=600}
#"Frequency / GHz"	"S3,2 [Magnitude in dB]"
#------------------------------------------
0.00000000000000	-108.53841573480
0.0020000000949949	-108.60485424332
0.0040000001899898	-108.80669517739
0.0060000000521541	-109.15185625988
0.0080000003799796	-109.65477993032
0.0099999997764826	-110.33868535013
0.012000000104308	-111.23970343076
0.014000000432134	-112.41445660319
0.016000000759959	-113.95431389509
0.017999999225140	-116.01184479801
0.019999999552965	-118.83349838624
0.021999999880791	-122.53441277963
0.024000000208616	-124.27482499632
0.026000000536442	-120.63306669412
0.028000000864267	-116.72809466157
0.029999999329448	-113.73749822178
0.032000001519918	-111.40648053855
0.034000001847744	-109.52043242459
0.035999998450279	-107.94940552647
0.037999998778105	-106.61327022533
0.039999999105930	-105.46011942500
0.041999999433756	-104.45471746694
0.043999999761581	-103.57219786049
0.046000000089407	-102.79444357965
0.048000000417233	-102.10791501634
0.050000000745058	-101.50229236270
0.052000001072884	-100.96958466848
0.054000001400709	-100.50353878631
0.056000001728535	-100.09922957629
0.057999998331070	-99.752771231815
0.059999998658895	-99.461106531252
0.061999998986721	-99.221851437456
0.064000003039837	-99.033180880717
0.065999999642372	-98.893735041770
0.068000003695488	-98.802539274961
0.070000000298023	-98.758941058726
0.071999996900558	-98.762531194133
0.074000000953674	-98.813067899948
0.075999997556210	-98.910361738465
0.078000001609325	-99.054133027207
0.079999998211861	-99.243783471205
0.082000002264977	-99.478069067811
0.083999998867512	-99.754602346867
0.086000002920628	-100.06911838101
0.087999999523163	-100.41442025012
0.090000003576279	-100.77896409083
0.092000000178814	-101.14512779082
0.093999996781349	-101.48758743657
0.096000000834465	-101.77277217379
0.097999997437000	-101.96101987006
0.10000000149012	-102.01304554144
0.10199999809265	-101.90018124675
0.10400000214577	-101.61409122790
0.10599999874830	-101.16985039526
0.10800000280142	-100.60017590711
0.10999999940395	-99.944852802985
0.11200000345707	-99.241426931026
0.11400000005960	-98.520220375189
0.11599999666214	-97.803236812542
0.11800000071526	-97.105202432955
0.11999999731779	-96.435292019760
0.12200000137091	-95.798761101745
0.12399999797344	-95.198236695260
0.12600000202656	-94.634642310097
0.12800000607967	-94.107834071949
0.12999999523163	-93.617011644228
0.13199999928474	-93.160988728641
0.13400000333786	-92.738359368472
0.13600000739098	-92.347597752764
0.13799999654293	-91.987116716447
0.14000000059605	-91.655300293462
0.14200000464916	-91.350508397257
0.14399999380112	-91.071076247659
0.14599999785423	-90.815308178210
0.14800000190735	-90.581459479085
0.15000000596046	-90.367715576630
0.15199999511242	-90.172173388765
0.15399999916553	-89.992820955399
0.15600000321865	-89.827520145135
0.15800000727177	-89.673988935206
0.15999999642372	-89.529795814345
0.16200000047684	-89.392361123112
0.16400000452995	-89.258968379540
0.16599999368191	-89.126793925751
0.16799999773502	-88.992952230427
0.17000000178814	-88.854565935871
0.17200000584126	-88.708838550709
0.17399999499321	-88.553161581409
0.17599999904633	-88.385212490026
0.17800000309944	-88.203063799670
0.18000000715256	-88.005267608540
0.18199999630451	-87.790932216574
0.18400000035763	-87.559756329370
0.18600000441074	-87.312024478222
0.18799999356270	-87.048578581310
0.18999999761581	-86.770736731894
0.19200000166893	-86.480207544282
0.19400000572205	-86.178979960826
0.19599999487400	-85.869213659309
0.19799999892712	-85.553136581939
0.20000000298023	-85.232958339647
0.20200000703335	-84.910796399500
0.20399999618530	-84.588623550698
0.20600000023842	-84.268234423326
0.20800000429153	-83.951223596140
0.20999999344349	-83.638977313108
0.21199999749660	-83.332675734401
0.21400000154972	-83.033295871047
0.21600000560284	-82.741631019155
0.21799999475479	-82.458296452747
0.21999999880791	-82.183747979293
0.22200000286102	-81.918295194043
0.22400000691414	-81.662116529158
0.22599999606609	-81.415270109166
0.22800000011921	-81.177704010794
0.23000000417233	-80.949269783111
0.23199999332428	-80.729728139431
0.23399999737740	-80.518756259906
0.23600000143051	-80.315958434300
0.23800000548363	-80.120864639199
0.23999999463558	-79.932946157113
0.24199999868870	-79.751613944829
0.24400000274181	-79.576224344136
0.24600000679493	-79.406091548997
0.24799999594688	-79.240487867001
0.25000000000000	-79.078654703865
0.25200000405312	-78.919811357389
0.25400000810623	-78.763162900191
0.25600001215935	-78.607913093723
0.25799998641014	-78.453276138861
0.25999999046326	-78.298487450636
0.26199999451637	-78.142821008982
0.26399999856949	-77.985596972059
0.26600000262260	-77.826202076730
0.26800000667572	-77.664094361489
0.27000001072884	-77.498820290560
0.27200001478195	-77.330018437127
0.27399998903275	-77.157429210879
0.27599999308586	-76.980897698973
0.27799999713898	-76.800373126014
0.28000000119209	-76.615903801368
0.28200000524521	-76.427637460464
0.28400000929832	-76.235810852259
0.28600001335144	-76.040733283211
0.28799998760223	-75.842786492706
0.28999999165535	-75.642396568455
0.29199999570847	-75.440036983810
0.29399999976158	-75.236201467735
0.29600000381470	-75.031397903062
0.29800000786781	-74.826132820482
0.30000001192093	-74.620903981322
0.30199998617172	-74.416187727185
0.30399999022484	-74.212432681919
0.30599999427795	-74.010050843983
0.30799999833107	-73.809417279340
0.31000000238419	-73.610860446021
0.31200000643730	-73.414660548133
0.31400001049042	-73.221050493450
0.31600001454353	-73.030213775471
0.31799998879433	-72.842285050190
0.31999999284744	-72.657347404791
0.32199999690056	-72.475438659006
0.32400000095367	-72.296551346617
0.32600000500679	-72.120631722000
0.32800000905991	-71.947587906104
0.33000001311302	-71.777289329002
0.33199998736382	-71.609569114528
0.33399999141693	-71.444231627339
0.33599999547005	-71.281052667335
0.33799999952316	-71.119784788414
0.34000000357628	-70.960162622559
0.34200000762939	-70.801905547121
0.34400001168251	-70.644726322505
0.34599998593330	-70.488330114307
0.34799998998642	-70.332427340068
0.34999999403954	-70.176728348803
0.35199999809265	-70.020960275302
0.35400000214577	-69.864861720943
0.35600000619888	-69.708192779220
0.35800001025200	-69.550738610684
0.36000001430511	-69.392310608407
0.36199998855591	-69.232753215057
0.36399999260902	-69.071941323656
0.36599999666214	-68.909786361233
0.36800000071526	-68.746233824934
0.37000000476837	-68.581265336781
0.37200000882149	-68.414897195716
0.37400001287460	-68.247177704205
0.37599998712540	-68.078186544730
0.37799999117851	-67.908029817595
0.37999999523163	-67.736839113988
0.38199999928474	-67.564765243587
0.38400000333786	-67.391976206627
0.38600000739098	-67.218651126552
0.38800001144409	-67.044978053225
0.38999998569489	-66.871147536041
0.39199998974800	-66.697348537324
0.39399999380112	-66.523769780660
0.39599999785423	-66.350586571506
0.39800000190735	-66.177968277016
0.40000000596046	-66.006066606947
0.40200001001358	-65.835020849253
0.40400001406670	-65.664949686826
0.40599998831749	-65.495951379368
0.40799999237061	-65.328105523061
0.40999999642372	-65.161469983025
0.41200000047684	-64.996080134399
0.41400000452995	-64.831949780334
0.41600000858307	-64.669068555344
0.41800001263618	-64.507412122037
0.41999998688698	-64.346928319617
0.42199999094009	-64.187551010101
0.42399999499321	-64.029196398393
0.42599999904633	-63.871765194906
0.42800000309944	-63.715143451584
0.43000000715256	-63.559207466365
0.43200001120567	-63.403824656418
0.43399998545647	-63.248857570244
0.43599998950958	-63.094160183570
0.43799999356270	-62.939591192003
0.43999999761581	-62.785007404669
0.44200000166893	-62.630269873005
0.44400000572205	-62.475247176693
0.44600000977516	-62.319818409012
0.44800001382828	-62.163870231731
0.44999998807907	-62.007305964210
0.45199999213219	-61.850041192607
0.45399999618530	-61.692009912185
0.45600000023842	-61.533162812299
0.45800000429153	-61.373468418662
0.46000000834465	-61.212914611512
0.46200001239777	-61.051507751496
0.46399998664856	-60.889270356790
0.46599999070168	-60.726243797720
0.46799999475479	-60.562485914059
0.46999999880791	-60.398067330400
0.47200000286102	-60.233073740299
0.47400000691414	-60.067602125614
0.47600001096725	-59.901756647763
0.47799998521805	-59.735649962436
0.47999998927116	-59.569400417570
0.48199999332428	-59.403125646961
0.48399999737740	-59.236948338289
0.48600000143051	-59.070983525591
0.48800000548363	-58.905348930300
0.49000000953674	-58.740153271260
0.49200001358986	-58.575496364501
0.49399998784065	-58.411473638143
0.49599999189377	-58.248165696688
0.49799999594688	-58.085643697247
0.50000000000000	-57.923965448255
0.50199997425079	-57.763177304330
0.50400000810623	-57.603309074284
0.50599998235703	-57.444378700798
0.50800001621246	-57.286388557408
0.50999999046326	-57.129326952998
0.51200002431870	-56.973169404404
0.51399999856949	-56.817874517404
0.51599997282028	-56.663392465725
0.51800000667572	-56.509655503385
0.51999998092651	-56.356589728891
0.52200001478195	-56.204108930133
0.52399998903275	-56.052116543285
0.52600002288818	-55.900510887215
0.52799999713898	-55.749182041457
0.52999997138977	-55.598016757104
0.53200000524521	-55.446898626230
0.53399997949600	-55.295707991998
0.53600001335144	-55.144328391424
0.53799998760223	-54.992643111473
0.54000002145767	-54.840540823900
0.54199999570847	-54.687914421025
0.54400002956390	-54.534664735151
0.54600000381470	-54.380700117698
0.54799997806549	-54.225938790094
0.55000001192093	-54.070310019097
0.55199998617172	-53.913753394965
0.55400002002716	-53.756222912436
0.55599999427795	-53.597685426775
0.55800002813339	-53.438119908054
0.56000000238419	-53.277517859621
0.56199997663498	-53.115886848061
0.56400001049042	-52.953242150704
0.56599998474121	-52.789616974970
0.56800001859665	-52.625053115574
0.56999999284744	-52.459600449859
0.57200002670288	-52.293321754672
0.57400000095367	-52.126285181801
0.57599997520447	-51.958565645845
0.57800000905991	-51.790245756105
0.57999998331070	-51.621408953033
0.58200001716614	-51.452140928372
0.58399999141693	-51.282530596693
0.58600002527237	-51.112663996965
0.58799999952316	-50.942626206138
0.58999997377396	-50.772498877084
0.59200000762939	-50.602361289450
0.59399998188019	-50.432283050855
0.59600001573563	-50.262332370521
0.59799998998642	-50.092567937041
0.60000002384186	-49.923040279543
0.60199999809265	-49.753792742618
0.60399997234344	-49.584860451667
0.60600000619888	-49.416269148382
0.60799998044968	-49.248034938192
0.61000001430511	-49.080165743841
0.61199998855591	-48.912659998631
0.61400002241135	-48.745507545494
0.61599999666214	-48.578690003345
0.61799997091293	-48.412181030148
0.62000000476837	-48.245946036935
0.62199997901917	-48.079944483671
0.62400001287460	-47.914129000822
0.62599998712540	-47.748448366955
0.62800002098083	-47.582842961583
0.62999999523163	-47.417254260070
0.63200002908707	-47.251615617048
0.63400000333786	-47.085863242354
0.63599997758865	-46.919929030407
0.63800001144409	-46.753746273681
0.63999998569489	-46.587246295646
0.64200001955032	-46.420366970402
0.64399999380112	-46.253043476224
0.64600002765656	-46.085217852653
0.64800000190735	-45.916834388653
0.64999997615814	-45.747843065357
0.65200001001358	-45.578198835643
0.65399998426437	-45.407861140499
0.65600001811981	-45.236798642121
0.65799999237061	-45.064984276742
0.66000002622604	-44.892398580469
0.66200000047684	-44.719029251244
0.66399997472763	-44.544870535365
0.66600000858307	-44.369925926058
0.66799998283386	-44.194201245977
0.67000001668930	-44.017713377839
0.67199999094009	-43.840482846291
0.67400002479553	-43.662536810415
0.67599999904633	-43.483907038837
0.67799997329712	-43.304632591715
0.68000000715256	-43.124752542775
0.68199998140335	-42.944315338586
0.68400001525879	-42.763367259842
0.68599998950958	-42.581958924865
0.68800002336502	-42.400142934282
0.68999999761581	-42.217973624623
0.69199997186661	-42.035504886693
0.69400000572205	-41.852789515096
0.69599997997284	-41.669883822093
0.69800001382828	-41.486837676799
0.69999998807907	-41.303704495719
0.70200002193451	-41.120529804288
0.70399999618530	-40.937361266102
0.70599997043610	-40.754242697447
0.70800000429153	-40.571214350987
0.70999997854233	-40.388312782460
0.71200001239777	-40.205573383657
0.71399998664856	-40.023023380543
0.71600002050400	-39.840690795968
0.71799999475479	-39.658596877638
0.72000002861023	-39.476759342741
0.72200000286102	-39.295195151864
0.72399997711182	-39.113913422830
0.72600001096725	-38.932920276396
0.72799998521805	-38.752220638518
0.73000001907349	-38.571814845110
0.73199999332428	-38.391698500431
0.73400002717972	-38.211865431198
0.73600000143051	-38.032306537865
0.73799997568130	-37.853010307044
0.74000000953674	-37.673961994278
0.74199998378754	-37.495144715053
0.74400001764297	-37.316540836292
0.74599999189377	-37.138129499745
0.74800002574921	-36.959889589994
0.75000000000000	-36.781798366425
0.75199997425079	-36.603831968189
0.75400000810623	-36.425967469942
0.75599998235703	-36.248180663052
0.75800001621246	-36.070445540641
0.75999999046326	-35.892740368294
0.76200002431870	-35.715040705207
0.76399999856949	-35.537321674440
0.76599997282028	-35.359564783425
0.76800000667572	-35.181748714054
0.76999998092651	-35.003853909583
0.77200001478195	-34.825862567625
0.77399998903275	-34.647759787839
0.77600002288818	-34.469533541296
0.77799999713898	-34.291170671137
0.77999997138977	-34.112664870165
0.78200000524521	-33.934008118157
0.78399997949600	-33.755198405938
0.78600001335144	-33.576235852589
0.78799998760223	-33.397121698738
0.79000002145767	-33.217862928294
0.79199999570847	-33.038467487540
0.79400002956390	-32.858948664740
0.79600000381470	-32.679320173454
0.79799997806549	-32.499601929845
0.80000001192093	-32.319816343817
0.80199998617172	-32.139986620194
0.80400002002716	-31.960143164883
0.80599999427795	-31.780315676753
0.80800002813339	-31.600541326725
0.81000000238419	-31.420857040037
0.81199997663498	-31.241302503471
0.81400001049042	-31.061923724165
0.81599998474121	-30.882766594933
0.81800001859665	-30.703879980669
0.81999999284744	-30.525316572782
0.82200002670288	-30.347129936646
0.82400000095367	-30.169377594703
0.82599997520447	-29.992117705263
0.82800000905991	-29.815412023453
0.82999998331070	-29.639322017523
0.83200001716614	-29.463913711004
0.83399999141693	-29.289248338620
0.83600002527237	-29.115397773125
0.83799999952316	-28.942427680919
0.83999997377396	-28.770406345475
0.84200000762939	-28.599405417477
0.84399998188019	-28.429491948666
0.84600001573563	-28.260739260491
0.84799998998642	-28.093217530636
0.85000002384186	-27.926996649747
0.85199999809265	-27.762147649208
0.85399997234344	-27.598742301132
0.85600000619888	-27.436848372951
0.85799998044968	-27.276537926790
0.86000001430511	-27.117877989431
0.86199998855591	-26.960937931253
0.86400002241135	-26.805783112789
0.86599999666214	-26.652482072468
0.86799997091293	-26.501098456830
0.87000000476837	-26.351697267193
0.87199997901917	-26.204340234709
0.87400001287460	-26.059088934240
0.87599998712540	-25.916002570477
0.87800002098083	-25.775140140884
0.87999999523163	-25.636558138065
0.88200002908707	-25.500311396216
0.88400000333786	-25.366454325543
0.88599997758865	-25.235037185412
0.88800001144409	-25.106111507695
0.88999998569489	-24.979724572928
0.89200001955032	-24.855922838363
0.89399999380112	-24.734749950014
0.89600002765656	-24.616249855349
0.89800000190735	-24.500463236766
0.89999997615814	-24.387427865553
0.90200001001358	-24.277182344370
0.90399998426437	-24.169760446856
0.90600001811981	-24.065194855415
0.90799999237061	-23.963517907141
0.91000002622604	-23.864758229312
0.91200000047684	-23.768943228972
0.91399997472763	-23.676098423765
0.91600000858307	-23.586244688355
0.91799998283386	-23.499405170770
0.92000001668930	-23.415599236042
0.92199999094009	-23.334844695198
0.92400002479553	-23.257154076805
0.92599999904633	-23.182542464503
0.92799997329712	-23.111019967929
0.93000000715256	-23.042596190702
0.93199998140335	-22.977276761285
0.93400001525879	-22.915067494286
0.93599998950958	-22.855970237216
0.93800002336502	-22.799985703801
0.93999999761581	-22.747112189664
0.94199997186661	-22.697345130700
0.94400000572205	-22.650679115355
0.94599997997284	-22.607103802271
0.94800001382828	-22.566609418078
0.94999998807907	-22.529184317921
0.95200002193451	-22.494809592758
0.95399999618530	-22.463469739882
0.95599997043610	-22.435143052416
0.95800000429153	-22.409807491049
0.95999997854233	-22.387437676029
0.96200001239777	-22.368005892676
0.96399998664856	-22.351480450292
0.96600002050400	-22.337829289131
0.96799999475479	-22.327016977523
0.97000002861023	-22.319005252830
0.97200000286102	-22.313753172215
0.97399997711182	-22.311217323726
0.97600001096725	-22.311352824517
0.97799998521805	-22.314109332523
0.98000001907349	-22.319436758577
0.98199999332428	-22.327281263885
0.98400002717972	-22.337587344476
0.98600000143051	-22.350295101673
0.98799997568130	-22.365345425539
0.99000000953674	-22.382673436767
0.99199998378754	-22.402214411612
0.99400001764297	-22.423902302657
0.99599999189377	-22.447664959696
0.99800002574921	-22.473433205844
1.0000000000000	-22.501132580753
1.0019999742508	-22.530690841032
1.0039999485016	-22.562031513389
1.0060000419617	-22.595079717870
1.0080000162125	-22.629755829899
1.0099999904633	-22.665983258110
1.0119999647141	-22.703686259621
1.0140000581741	-22.742784145100
1.0160000324249	-22.783201903962
1.0180000066757	-22.824861930526
1.0199999809265	-22.867690491199
1.0219999551773	-22.911611549071
1.0240000486374	-22.956555132335
1.0260000228882	-23.002450074085
1.0279999971390	-23.049228914342
1.0299999713898	-23.096827362320
1.0319999456406	-23.145183963298
1.0340000391006	-23.194241650286
1.0360000133514	-23.243944651555
1.0379999876022	-23.294244872701
1.0399999618530	-23.345095672758
1.0420000553131	-23.396455389846
1.0440000295639	-23.448288874122
1.0460000038147	-23.500563515552
1.0479999780655	-23.553253598692
1.0499999523163	-23.606337278329
1.0520000457764	-23.659797793162
1.0540000200272	-23.713623754844
1.0559999942780	-23.767809466745
1.0579999685287	-23.822352613510
1.0599999427795	-23.877256825426
1.0620000362396	-23.932528565027
1.0640000104904	-23.988178186630
1.0659999847412	-24.044223028492
1.0679999589920	-24.100681197069
1.0700000524521	-24.157574147973
1.0720000267029	-24.214926183770
1.0740000009537	-24.272764556866
1.0759999752045	-24.331117198736
1.0779999494553	-24.390013547907
1.0800000429153	-24.449483841045
1.0820000171661	-24.509559200030
1.0839999914169	-24.570269557840
1.0859999656677	-24.631644085802
1.0880000591278	-24.693711234069
1.0900000333786	-24.756498008545
1.0920000076294	-24.820027516687
1.0939999818802	-24.884320217940
1.0959999561310	-24.949395318808
1.0980000495911	-25.015266893118
1.1000000238419	-25.081945056570
1.1019999980927	-25.149435032393
1.1039999723434	-25.217739324791
1.1059999465942	-25.286852750121
1.1080000400543	-25.356765532984
1.1100000143051	-25.427464408688
1.1119999885559	-25.498927787160
1.1139999628067	-25.571130233868
1.1160000562668	-25.644038886612
1.1180000305176	-25.717617046017
1.1200000047684	-25.791820741821
1.1219999790192	-25.866601468044
1.1239999532700	-25.941904035848
1.1260000467300	-26.017669437279
1.1280000209808	-26.093833100680
1.1299999952316	-26.170325475471
1.1319999694824	-26.247075260845
1.1339999437332	-26.324005630121
1.1360000371933	-26.401036652141
1.1380000114441	-26.478088055019
1.1399999856949	-26.555075336408
1.1419999599457	-26.631916961843
1.1440000534058	-26.708526436060
1.1460000276566	-26.784821569318
1.1480000019073	-26.860720110807
1.1499999761581	-26.936143367429
1.1519999504089	-27.011014286167
1.1540000438690	-27.085261520029
1.1560000181198	-27.158816856119
1.1579999923706	-27.231618629420
1.1599999666214	-27.303611514120
1.1619999408722	-27.374746109231
1.1640000343323	-27.444982780636
1.1660000085831	-27.514285631116
1.1679999828339	-27.582630729449
1.1699999570847	-27.650002345082
1.1720000505447	-27.716392365240
1.1740000247955	-27.781800720906
1.1759999990463	-27.846238506220
1.1779999732971	-27.909722695631
1.1799999475479	-27.972279616626
1.1820000410080	-28.033943900573
1.1840000152588	-28.094755334570
1.1859999895096	-28.154761945884
1.1879999637604	-28.214016597006
1.1900000572205	-28.272577833695
1.1920000314713	-28.330508211808
1.1940000057220	-28.387871575673
1.1959999799728	-28.444736550224
1.1979999542236	-28.501172669392
1.2000000476837	-28.557247813573
1.2020000219345	-28.613031611238
1.2039999961853	-28.668590444588
1.2059999704361	-28.723988540209
1.2079999446869	-28.779287745168
1.2100000381470	-28.834542730769
1.2120000123978	-28.889808895264
1.2139999866486	-28.945127922337
1.2159999608994	-29.000543141913
1.2180000543594	-29.056086330254
1.2200000286102	-29.111783429968
1.2220000028610	-29.167651944109
1.2239999771118	-29.223702123680
1.2259999513626	-29.279938528313
1.2280000448227	-29.336352775916
1.2300000190735	-29.392931700965
1.2319999933243	-29.449654746352
1.2339999675751	-29.506490761445
1.2359999418259	-29.563403383612
1.2380000352859	-29.620347869980
1.2400000095367	-29.677276588461
1.2419999837875	-29.734129402912
1.2439999580383	-29.790847463330
1.2460000514984	-29.847364034797
1.2480000257492	-29.903609824276
1.2500000000000	-29.959515232785
1.2519999742508	-30.015003032714
1.2539999485016	-30.070001646768
1.2560000419617	-30.124437446510
1.2580000162125	-30.178238233851
1.2599999904633	-30.231334624714
1.2619999647141	-30.283659867062
1.2640000581741	-30.335153645364
1.2660000324249	-30.385759647067
1.2680000066757	-30.435430090724
1.2699999809265	-30.484121950524
1.2719999551773	-30.531801609139
1.2740000486374	-30.578444517677
1.2760000228882	-30.624034153069
1.2779999971390	-30.668563886623
1.2799999713898	-30.712036275261
1.2819999456406	-30.754465062270
1.2840000391006	-30.795871138646
1.2860000133514	-30.836287019326
1.2879999876022	-30.875751067923
1.2899999618530	-30.914313544236
1.2920000553131	-30.952030653578
1.2940000295639	-30.988964730198
1.2960000038147	-31.025185977754
1.2979999780655	-31.060769046203
1.2999999523163	-31.095792825651
1.3020000457764	-31.130338378629
1.3040000200272	-31.164489947320
1.3059999942780	-31.198333755102
1.3079999685287	-31.231954014327
1.3099999427795	-31.265433772102
1.3120000362396	-31.298855817440
1.3140000104904	-31.332298403835
1.3159999847412	-31.365836165505
1.3179999589920	-31.399538426257
1.3200000524521	-31.433470670847
1.3220000267029	-31.467688782798
1.3240000009537	-31.502244703191
1.3259999752045	-31.537181227731
1.3279999494553	-31.572534642302
1.3300000429153	-31.608331266275
1.3320000171661	-31.644589351293
1.3339999914169	-31.681320527711
1.3359999656677	-31.718525833256
1.3380000591278	-31.756196847284
1.3400000333786	-31.794320353518
1.3420000076294	-31.832870989511
1.3439999818802	-31.871819155494
1.3459999561310	-31.911122774503
1.3480000495911	-31.950739418817
1.3500000238419	-31.990615815637
1.3519999980927	-32.030694258752
1.3539999723434	-32.070912349944
1.3559999465942	-32.111203658493
1.3580000400543	-32.151498251258
1.3600000143051	-32.191723803648
1.3619999885559	-32.231807996960
1.3639999628067	-32.271676299628
1.3660000562668	-32.311255431633
1.3680000305176	-32.350474046693
1.3700000047684	-32.389262633569
1.3719999790192	-32.427556311457
1.3739999532700	-32.465293559410
1.3760000467300	-32.502417640644
1.3780000209808	-32.538877728233
1.3799999952316	-32.574632636786
1.3819999694824	-32.609642772970
1.3839999437332	-32.643882329341
1.3860000371933	-32.677327246391
1.3880000114441	-32.709967829400
1.3899999856949	-32.741796201348
1.3919999599457	-32.772819182883
1.3940000534058	-32.803047656978
1.3960000276566	-32.832499735377
1.3980000019073	-32.861205120352
1.3999999761581	-32.889196769581
1.4019999504089	-32.916514422900
1.4040000438690	-32.943205557606
1.4060000181198	-32.969320729001
1.4079999923706	-32.994914680132
1.4099999666214	-33.020046039400
1.4119999408722	-33.044776093338
1.4140000343323	-33.069167682060
1.4160000085831	-33.093283358281
1.4179999828339	-33.117185620448
1.4199999570847	-33.140937072619
1.4220000505447	-33.164597560298
1.4240000247955	-33.188224286198
1.4259999990463	-33.211871325051
1.4279999732971	-33.235588387755
1.4299999475479	-33.259422140440
1.4320000410080	-33.283411172311
1.4340000152588	-33.307592728106
1.4359999895096	-33.331994654257
1.4379999637604	-33.356641740874
1.4400000572205	-33.381549922699
1.4420000314713	-33.406730652992
1.4440000057220	-33.432188833218
1.4459999799728	-33.457923037308
1.4479999542236	-33.483925251818
1.4500000476837	-33.510182977870
1.4520000219345	-33.536677200759
1.4539999961853	-33.563384455430
1.4559999704361	-33.590275789850
1.4579999446869	-33.617317809588
1.4600000381470	-33.644474423205
1.4620000123978	-33.671706551766
1.4639999866486	-33.698970138663
1.4659999608994	-33.726222875694
1.4680000543594	-33.753417615347
1.4700000286102	-33.780508162496
1.4720000028610	-33.807448426192
1.4739999771118	-33.834192935305
1.4759999513626	-33.860695020517
1.4780000448227	-33.886912904394
1.4800000190735	-33.912805868805
1.4819999933243	-33.938334745064
1.4839999675751	-33.963465427693
1.4859999418259	-33.988165547135
1.4880000352859	-34.012408944132
1.4900000095367	-34.036172177182
1.4919999837875	-34.059435437430
1.4939999580383	-34.082185379986
1.4960000514984	-34.104411528477
1.4980000257492	-34.126109980590
1.5000000000000	-34.147278951873
1.5019999742508	-34.167923012957
1.5039999485016	-34.188048576774
1.5060000419617	-34.207668600023
1.5080000162125	-34.226798423042
1.5099999904633	-34.245455526111
1.5119999647141	-34.263661109727
1.5140000581741	-34.281439962332
1.5160000324249	-34.298817042888
1.5180000066757	-34.315818497383
1.5199999809265	-34.332473272768
1.5219999551773	-34.348811741921
1.5240000486374	-34.364860634881
1.5260000228882	-34.380649494663
1.5279999971390	-34.396207536272
1.5299999713898	-34.411561793495
1.5319999456406	-34.426737367133
1.5340000391006	-34.441759750505
1.5360000133514	-34.456653246660
1.5379999876022	-34.471437106507
1.5399999618530	-34.486131365137
1.5420000553131	-34.500751927907
1.5440000295639	-34.515313186330
1.5460000038147	-34.529828859403
1.5479999780655	-34.544308000118
1.5499999523163	-34.558757572934
1.5520000457764	-34.573185285853
1.5540000200272	-34.587594037084
1.5559999942780	-34.601986535830
1.5579999685287	-34.616361458974
1.5599999427795	-34.630718844476
1.5620000362396	-34.645054678053
1.5640000104904	-34.659366832550
1.5659999847412	-34.673650035715
1.5679999589920	-34.687898764399
1.5700000524521	-34.702108232395
1.5720000267029	-34.716270998563
1.5740000009537	-34.730381289184
1.5759999752045	-34.744432170071
1.5779999494553	-34.758418020325
1.5800000429153	-34.772332557743
1.5820000171661	-34.786169690424
1.5839999914169	-34.799924054398
1.5859999656677	-34.813591072625
1.5880000591278	-34.827166124905
1.5900000333786	-34.840645147551
1.5920000076294	-34.854022775151
1.5939999818802	-34.867297883380
1.5959999561310	-34.880466596887
1.5980000495911	-34.893524803799
1.6000000238419	-34.906469964200
1.6019999980927	-34.919298979291
1.6039999723434	-34.932009710680
1.6059999465942	-34.944598186191
1.6080000400543	-34.957059876468
1.6100000143051	-34.969391465753
1.6119999885559	-34.981586869932
1.6139999628067	-34.993642059738
1.6160000562668	-35.005549434503
1.6180000305176	-35.017304070996
1.6200000047684	-35.028896904892
1.6219999790192	-35.040319213310
1.6239999532700	-35.051562567745
1.6260000467300	-35.062617521631
1.6280000209808	-35.073472215129
1.6299999952316	-35.084118459105
1.6319999694824	-35.094542629322
1.6339999437332	-35.104735047386
1.6360000371933	-35.114683990003
1.6380000114441	-35.124379115719
1.6399999856949	-35.133809215753
1.6419999599457	-35.142966736222
1.6440000534058	-35.151840142821
1.6460000276566	-35.160422985574
1.6480000019073	-35.168709420358
1.6499999761581	-35.176694180538
1.6519999504089	-35.184376337793
1.6540000438690	-35.191754305219
1.6560000181198	-35.198830501288
1.6579999923706	-35.205607824688
1.6599999666214	-35.212092515398
1.6619999408722	-35.218295446263
1.6640000343323	-35.224228876201
1.6660000085831	-35.229904676026
1.6679999828339	-35.235340545963
1.6699999570847	-35.240556171718
1.6720000505447	-35.245574622827
1.6740000247955	-35.250416818632
1.6759999990463	-35.255110457247
1.6779999732971	-35.259681630088
1.6799999475479	-35.264160878933
1.6820000410080	-35.268575751908
1.6840000152588	-35.272957745795
1.6859999895096	-35.277337963260
1.6879999637604	-35.281746611503
1.6900000572205	-35.286213069555
1.6920000314713	-35.290767391034
1.6940000057220	-35.295437386887
1.6959999799728	-35.300248088210
1.6979999542236	-35.305223880774
1.7000000476837	-35.310388328770
1.7020000219345	-35.315757628262
1.7039999961853	-35.321348399922
1.7059999704361	-35.327171938442
1.7079999446869	-35.333239755344
1.7100000381470	-35.339553031199
1.7120000123978	-35.346114511321
1.7139999866486	-35.352921072844
1.7159999608994	-35.359964847150
1.7180000543594	-35.367233986533
1.7200000286102	-35.374713182216
1.7220000028610	-35.382383490456
1.7239999771118	-35.390221075151
1.7259999513626	-35.398201171531
1.7280000448227	-35.406291911974
1.7300000190735	-35.414463326889
1.7319999933243	-35.422680336018
1.7339999675751	-35.430905659108
1.7359999418259	-35.439102746678
1.7380000352859	-35.447231358211
1.7400000095367	-35.455254402502
1.7419999837875	-35.463132218601
1.7439999580383	-35.470827795714
1.7460000514984	-35.478304609692
1.7480000257492	-35.485528975910
1.7500000000000	-35.492468924088
1.7519999742508	-35.499096294647
1.7539999485016	-35.505387288282
1.7560000419617	-35.511320139228
1.7580000162125	-35.516879776410
1.7599999904633	-35.522054682229
1.7619999647141	-35.526840549931
1.7640000581741	-35.531235443908
1.7660000324249	-35.535243896855
1.7680000066757	-35.538877868774
1.7699999809265	-35.542150778485
1.7719999551773	-35.545086761952
1.7740000486374	-35.547709408164
1.7760000228882	-35.550050829959
1.7779999971390	-35.552146309359
1.7799999713898	-35.554034577802
1.7819999456406	-35.555758732121
1.7840000391006	-35.557364121673
1.7860000133514	-35.558899124987
1.7879999876022	-35.560410883919
1.7899999618530	-35.561952831343
1.7920000553131	-35.563573212421
1.7940000295639	-35.565324408710
1.7960000038147	-35.567254438242
1.7979999780655	-35.569409354051
1.7999999523163	-35.571837346403
1.8020000457764	-35.574578967500
1.8040000200272	-35.577672386152
1.8059999942780	-35.581152210897
1.8079999685287	-35.585049192929
1.8099999427795	-35.589387661048
1.8120000362396	-35.594187956443
1.8140000104904	-35.599462951962
1.8159999847412	-35.605222317815
1.8179999589920	-35.611468366500
1.8200000524521	-35.618196135438
1.8220000267029	-35.625396759980
1.8240000009537	-35.633055552858
1.8259999752045	-35.641149955454
1.8279999494553	-35.649654736260
1.8300000429153	-35.658537115575
1.8320000171661	-35.667760656883
1.8339999914169	-35.677284642657
1.8359999656677	-35.687064392535
1.8380000591278	-35.697053066727
1.8400000333786	-35.707199216417
1.8420000076294	-35.717450642947
1.8439999818802	-35.727755200610
1.8459999561310	-35.738058659377
1.8480000495911	-35.748308552621
1.8500000238419	-35.758450042038
1.8519999980927	-35.768434814668
1.8539999723434	-35.778215132040
1.8559999465942	-35.787745574399
1.8580000400543	-35.796985795605
1.8600000143051	-35.805898299431
1.8619999885559	-35.814454925886
1.8639999628067	-35.822628679002
1.8660000562668	-35.830397598495
1.8680000305176	-35.837753199112
1.8700000047684	-35.844683247375
1.8719999790192	-35.851190540015
1.8739999532700	-35.857279070866
1.8760000467300	-35.862961449816
1.8780000209808	-35.868255730295
1.8799999952316	-35.873184759851
1.8819999694824	-35.877779094508
1.8839999437332	-35.882072259859
1.8860000371933	-35.886102014939
1.8880000114441	-35.889909282707
1.8899999856949	-35.893541370667
1.8919999599457	-35.897042701052
1.8940000534058	-35.900462009332
1.8960000276566	-35.903850411021
1.8980000019073	-35.907252165362
1.8999999761581	-35.910720119337
1.9019999504089	-35.914298717556
1.9040000438690	-35.918030677625
1.9060000181198	-35.921959121654
1.9079999923706	-35.926119381739
1.9099999666214	-35.930545588095
1.9119999408722	-35.935265025395
1.9140000343323	-35.940301153118
1.9160000085831	-35.945673169807
1.9179999828339	-35.951390449322
1.9199999570847	-35.957459521114
1.9220000505447	-35.963880631059
1.9240000247955	-35.970647698800
1.9259999990463	-35.977746605191
1.9279999732971	-35.985161758565
1.9299999475479	-35.992864602919
1.9320000410080	-36.000830838105
1.9340000152588	-36.009023053221
1.9359999895096	-36.017403208148
1.9379999637604	-36.025929946235
1.9400000572205	-36.034555093995
1.9420000314713	-36.043232752741
1.9440000057220	-36.051911313898
1.9459999799728	-36.060538776846
1.9479999542236	-36.069064653435
1.9500000476837	-36.077436239389
1.9520000219345	-36.085604448839
1.9539999961853	-36.093519182587
1.9559999704361	-36.101136912195
1.9579999446869	-36.108412520788
1.9600000381470	-36.115309630967
1.9620000123978	-36.121793993942
1.9639999866486	-36.127836574977
1.9659999608994	-36.133414767188
1.9680000543594	-36.138511458140
1.9700000286102	-36.143115467856
1.9720000028610	-36.147221376416
1.9739999771118	-36.150831276326
1.9759999513626	-36.153953153361
1.9780000448227	-36.156600065623
1.9800000190735	-36.158791958706
1.9819999933243	-36.160553468585
1.9839999675751	-36.161915651047
1.9859999418259	-36.162910987818
1.9880000352859	-36.163579042056
1.9900000095367	-36.163960032727
1.9919999837875	-36.164098602771
1.9939999580383	-36.164039514084
1.9960000514984	-36.163829074663
1.9980000257492	-36.163514320033
2.0000000000000	-36.163140693602
