        Frequency / GHz                S3,1/real
----------------------------------------------------------------------
                       0                   5.5667615e-06
            0.0020000001                   5.5046739e-06
            0.0040000002                   5.3198391e-06
            0.0060000001                   5.0165077e-06
            0.0080000004                   4.6016617e-06
            0.0099999998                   4.0848545e-06
                   0.012                   3.4779998e-06
                   0.014                   2.7951069e-06
             0.016000001                   2.0519626e-06
             0.017999999                   1.2657852e-06
                    0.02                   4.5483608e-07
                   0.022                  -3.6199305e-07
                   0.024                   -1.165597e-06
             0.026000001                  -1.9370889e-06
             0.028000001                  -2.6582325e-06
             0.029999999                  -3.3118404e-06
             0.032000002                  -3.8821781e-06
             0.034000002                  -4.3553105e-06
             0.035999998                  -4.7194226e-06
             0.037999999                  -4.9651017e-06
             0.039999999                  -5.0855638e-06
             0.041999999                  -5.0767799e-06
                   0.044                  -4.9376295e-06
                   0.046                  -4.6699274e-06
                   0.048                  -4.2783522e-06
             0.050000001                   -3.770454e-06
             0.052000001                  -3.1563952e-06
             0.054000001                  -2.4488368e-06
             0.056000002                  -1.6626432e-06
             0.057999998                  -8.1453669e-07
             0.059999999                   7.7194606e-08
             0.061999999                   9.9310876e-07
             0.064000003                   1.9130082e-06
                   0.066                   2.8163934e-06
             0.068000004                   3.6828828e-06
                    0.07                   4.4926251e-06
             0.071999997                   5.2267196e-06
             0.074000001                   5.8676878e-06
             0.075999998                    6.399729e-06
             0.078000002                   6.8091172e-06
             0.079999998                    7.084499e-06
             0.082000002                    7.217086e-06
             0.083999999                   7.2008797e-06
             0.086000003                   7.0327555e-06
                   0.088                   6.7125052e-06
             0.090000004                   6.2428794e-06
                   0.092                   5.6294789e-06
             0.093999997                   4.8806505e-06
             0.096000001                   4.0072109e-06
             0.097999997                   3.0223168e-06
                     0.1                   1.9410572e-06
                   0.102                   7.8019593e-07
                   0.104                  -4.4225095e-07
                   0.106                  -1.7074518e-06
                   0.108                  -2.9961063e-06
                    0.11                   -4.288921e-06
                   0.112                  -5.5670507e-06
                   0.114                  -6.8124814e-06
                   0.116                  -8.0085483e-06
                   0.118                  -9.1400825e-06
                    0.12                  -1.0194028e-05
                   0.122                  -1.1159494e-05
                   0.124                  -1.2028183e-05
                   0.126                   -1.279448e-05
              0.12800001                  -1.3455559e-05
                    0.13                  -1.4011589e-05
                   0.132                  -1.4465542e-05
                   0.134                  -1.4823336e-05
              0.13600001                  -1.5093525e-05
                   0.138                  -1.5287264e-05
                    0.14                  -1.5417994e-05
                   0.142                  -1.5501122e-05
              0.14399999                  -1.5553793e-05
                   0.146                  -1.5594451e-05
                   0.148                  -1.5642436e-05
              0.15000001                  -1.5717593e-05
                   0.152                  -1.5839814e-05
                   0.154                  -1.6028689e-05
                   0.156                  -1.6302954e-05
              0.15800001                   -1.668018e-05
                    0.16                   -1.717649e-05
                   0.162                  -1.7805976e-05
                   0.164                  -1.8580646e-05
              0.16599999                  -1.9510015e-05
                   0.168                  -2.0601026e-05
                    0.17                  -2.1857908e-05
              0.17200001                   -2.328202e-05
              0.17399999                  -2.4871944e-05
                   0.176                  -2.6623478e-05
                   0.178                  -2.8529843e-05
              0.18000001                  -3.0581723e-05
                   0.182                  -3.2767741e-05
                   0.184                  -3.5074496e-05
                   0.186                  -3.7487054e-05
              0.18799999                  -3.9989227e-05
                    0.19                  -4.2564108e-05
                   0.192                  -4.5194338e-05
              0.19400001                  -4.7862573e-05
              0.19599999                  -5.0551989e-05
                   0.198                  -5.3246607e-05
                     0.2                   -5.593176e-05
              0.20200001                  -5.8594476e-05
                   0.204                  -6.1223596e-05
                   0.206                  -6.3810447e-05
                   0.208                  -6.6348759e-05
              0.20999999                  -6.8834932e-05
                   0.212                  -7.1268259e-05
                   0.214                  -7.3650815e-05
              0.21600001                  -7.5987613e-05
              0.21799999                  -7.8286372e-05
                    0.22                  -8.0557453e-05
                   0.222                  -8.2813698e-05
              0.22400001                  -8.5070082e-05
                   0.226                  -8.7343455e-05
                   0.228                  -8.9652145e-05
                    0.23                  -9.2015682e-05
              0.23199999                  -9.4454153e-05
                   0.234                  -9.6987933e-05
                   0.236                  -9.9637291e-05
              0.23800001                  -0.00010242172
              0.23999999                  -0.00010535969
                   0.242                  -0.00010846816
                   0.244                   -0.0001117622
              0.24600001                  -0.00011525466
                   0.248                   -0.0001189558
                    0.25                  -0.00012287323
                   0.252                  -0.00012701149
              0.25400001                  -0.00013137214
              0.25600001                   -0.0001359537
              0.25799999                  -0.00014075135
              0.25999999                  -0.00014575757
              0.26199999                  -0.00015096186
                   0.264                  -0.00015635113
                   0.266                  -0.00016190999
              0.26800001                  -0.00016762129
              0.27000001                  -0.00017346596
              0.27200001                  -0.00017942413
              0.27399999                  -0.00018547513
              0.27599999                  -0.00019159805
                   0.278                  -0.00019777246
                    0.28                  -0.00020397866
              0.28200001                  -0.00021019811
              0.28400001                  -0.00021641429
              0.28600001                   -0.0002226127
              0.28799999                   -0.0002287814
              0.28999999                  -0.00023491138
                   0.292                   -0.0002409967
                   0.294                  -0.00024703497
                   0.296                  -0.00025302707
              0.29800001                  -0.00025897755
              0.30000001                   -0.0002648946
              0.30199999                   -0.0002707894
              0.30399999                  -0.00027667696
              0.30599999                  -0.00028257503
                   0.308                  -0.00028850391
                    0.31                  -0.00029448647
              0.31200001                  -0.00030054725
              0.31400001                  -0.00030671243
              0.31600001                  -0.00031300893
              0.31799999                   -0.0003194641
              0.31999999                  -0.00032610499
                   0.322                  -0.00033295806
                   0.324                  -0.00034004846
              0.32600001                  -0.00034739939
              0.32800001                  -0.00035503178
              0.33000001                  -0.00036296414
              0.33199999                  -0.00037121164
              0.33399999                  -0.00037978601
                   0.336                  -0.00038869536
                   0.338                  -0.00039794404
                    0.34                  -0.00040753235
              0.34200001                  -0.00041745673
              0.34400001                  -0.00042770954
              0.34599999                  -0.00043827985
              0.34799999                  -0.00044915319
              0.34999999                   -0.0004603118
                   0.352                  -0.00047173523
                   0.354                  -0.00048340109
              0.35600001                  -0.00049528468
              0.35800001                  -0.00050736067
              0.36000001                  -0.00051960303
              0.36199999                  -0.00053198531
              0.36399999                  -0.00054448214
                   0.366                  -0.00055706943
                   0.368                  -0.00056972424
                    0.37                  -0.00058242708
              0.37200001                  -0.00059516053
              0.37400001                  -0.00060791033
              0.37599999                   -0.0006206666
              0.37799999                  -0.00063342316
                    0.38                  -0.00064617809
                   0.382                  -0.00065893366
                   0.384                  -0.00067169702
              0.38600001                  -0.00068447925
              0.38800001                  -0.00069729565
              0.38999999                  -0.00071016565
              0.39199999                  -0.00072311272
              0.39399999                  -0.00073616247
                   0.396                  -0.00074934441
                   0.398                  -0.00076268957
              0.40000001                  -0.00077623077
              0.40200001                  -0.00079000194
              0.40400001                  -0.00080403691
              0.40599999                  -0.00081836904
              0.40799999                  -0.00083303131
                    0.41                   -0.0008480539
                   0.412                  -0.00086346513
                   0.414                  -0.00087929011
              0.41600001                  -0.00089555036
              0.41800001                  -0.00091226352
              0.41999999                  -0.00092944218
              0.42199999                   -0.0009470947
              0.42399999                  -0.00096522347
                   0.426                  -0.00098382717
                   0.428                   -0.0010028984
              0.43000001                    -0.001022424
              0.43200001                   -0.0010423877
              0.43399999                   -0.0010627665
              0.43599999                   -0.0010835356
              0.43799999                   -0.0011046638
                    0.44                   -0.0011261193
                   0.442                   -0.0011478654
              0.44400001                   -0.0011698665
              0.44600001                   -0.0011920825
              0.44800001                   -0.0012144756
              0.44999999                   -0.0012370079
              0.45199999                    -0.001259642
                   0.454                   -0.0012823432
                   0.456                   -0.0013050792
                   0.458                   -0.0013278226
              0.46000001                    -0.001350547
              0.46200001                   -0.0013732341
              0.46399999                   -0.0013958692
              0.46599999                   -0.0014184418
              0.46799999                   -0.0014409501
                    0.47                   -0.0014633957
                   0.472                   -0.0014857873
              0.47400001                   -0.0015081391
              0.47600001                   -0.0015304715
              0.47799999                   -0.0015528097
              0.47999999                   -0.0015751846
              0.48199999                   -0.0015976309
                   0.484                   -0.0016201874
                   0.486                   -0.0016428954
              0.48800001                   -0.0016658007
              0.49000001                   -0.0016889488
              0.49200001                    -0.001712386
              0.49399999                   -0.0017361597
              0.49599999                   -0.0017603157
                   0.498                   -0.0017848976
                     0.5                   -0.0018099468
              0.50199997                   -0.0018355023
              0.50400001                   -0.0018615967
              0.50599998                   -0.0018882588
              0.50800002                    -0.001915513
              0.50999999                   -0.0019433759
              0.51200002                   -0.0019718588
                   0.514                   -0.0020009666
              0.51599997                   -0.0020306981
              0.51800001                   -0.0020610413
              0.51999998                   -0.0020919833
              0.52200001                   -0.0021235002
              0.52399999                   -0.0021555631
              0.52600002                    -0.002188138
                   0.528                   -0.0022211845
              0.52999997                   -0.0022546572
              0.53200001                   -0.0022885061
              0.53399998                   -0.0023226794
              0.53600001                   -0.0023571211
              0.53799999                   -0.0023917721
              0.54000002                   -0.0024265738
                   0.542                   -0.0024614667
              0.54400003                   -0.0024963913
                   0.546                   -0.0025312889
              0.54799998                   -0.0025661027
              0.55000001                   -0.0026007777
              0.55199999                   -0.0026352634
              0.55400002                   -0.0026695107
              0.55599999                   -0.0027034755
              0.55800003                    -0.002737117
                    0.56                   -0.0027703992
              0.56199998                   -0.0028032903
              0.56400001                   -0.0028357645
              0.56599998                   -0.0028677951
              0.56800002                    -0.002899366
              0.56999999                   -0.0029304638
              0.57200003                   -0.0029610728
                   0.574                    -0.002991186
              0.57599998                   -0.0030207981
              0.57800001                   -0.0030499061
              0.57999998                   -0.0030785031
              0.58200002                   -0.0031065885
              0.58399999                   -0.0031341575
              0.58600003                   -0.0031612134
                   0.588                   -0.0031877423
              0.58999997                   -0.0032137425
              0.59200001                   -0.0032391998
              0.59399998                   -0.0032641063
              0.59600002                   -0.0032884392
              0.59799999                   -0.0033121796
              0.60000002                   -0.0033352971
                   0.602                   -0.0033577608
              0.60399997                   -0.0033795321
              0.60600001                   -0.0034005663
              0.60799998                   -0.0034208074
              0.61000001                   -0.0034402015
              0.61199999                   -0.0034586855
              0.61400002                    -0.003476185
                   0.616                   -0.0034926217
              0.61799997                   -0.0035079168
                    0.62                     -0.00352198
              0.62199998                   -0.0035347082
              0.62400001                   -0.0035460044
              0.62599999                   -0.0035557628
              0.62800002                   -0.0035638667
                    0.63                   -0.0035702009
              0.63200003                   -0.0035746472
                   0.634                   -0.0035770671
              0.63599998                   -0.0035773425
              0.63800001                   -0.0035753329
              0.63999999                   -0.0035708982
              0.64200002                   -0.0035639056
              0.64399999                   -0.0035542005
              0.64600003                   -0.0035416428
                   0.648                   -0.0035260795
              0.64999998                   -0.0035073527
              0.65200001                    -0.003485315
              0.65399998                   -0.0034598096
              0.65600002                   -0.0034306704
              0.65799999                   -0.0033977327
              0.66000003                   -0.0033608358
                   0.662                   -0.0033198106
              0.66399997                   -0.0032744808
              0.66600001                   -0.0032246788
              0.66799998                   -0.0031702265
              0.67000002                   -0.0031109399
              0.67199999                   -0.0030466414
              0.67400002                   -0.0029771463
                   0.676                   -0.0029022573
              0.67799997                   -0.0028217917
              0.68000001                   -0.0027355372
              0.68199998                   -0.0026433005
              0.68400002                   -0.0025448732
              0.68599999                   -0.0024400412
              0.68800002                   -0.0023285914
                    0.69                   -0.0022103006
              0.69199997                   -0.0020849358
              0.69400001                   -0.0019522726
              0.69599998                   -0.0018120564
              0.69800001                   -0.0016640328
              0.69999999                   -0.0015079651
              0.70200002                   -0.0013435651
                   0.704                   -0.0011705578
              0.70599997                  -0.00098866771
                   0.708                  -0.00079756702
              0.70999998                  -0.00059697166
              0.71200001                  -0.00038654133
              0.71399999                  -0.00016593153
              0.71600002                    6.519349e-05
              0.71799999                    0.0003072343
              0.72000003                      0.00056058
                   0.722                   0.00082562258
              0.72399998                    0.0011027972
              0.72600001                     0.001392552
              0.72799999                    0.0016953713
              0.73000002                    0.0020117343
              0.73199999                    0.0023421687
              0.73400003                    0.0026872042
                   0.736                    0.0030474127
              0.73799998                    0.0034233721
              0.74000001                    0.0038157098
              0.74199998                    0.0042250417
              0.74400002                    0.0046520531
              0.74599999                    0.0050974186
              0.74800003                    0.0055618347
                    0.75                    0.0060460675
              0.75199997                    0.0065508373
              0.75400001                    0.0070769531
              0.75599998                    0.0076251798
              0.75800002                     0.008196352
              0.75999999                    0.0087913014
              0.76200002                    0.0094108665
                   0.764                     0.010055928
              0.76599997                     0.010727349
              0.76800001                      0.01142602
              0.76999998                     0.012152862
              0.77200001                     0.012908752
              0.77399999                     0.013694633
              0.77600002                     0.014511388
                   0.778                     0.015359962
              0.77999997                     0.016241282
              0.78200001                      0.01715626
              0.78399998                      0.01810582
              0.78600001                     0.019090889
              0.78799999                     0.020112377
              0.79000002                     0.021171186
                   0.792                     0.022268219
              0.79400003                     0.023404377
                   0.796                     0.024580529
              0.79799998                     0.025797546
              0.80000001                     0.027056277
              0.80199999                     0.028357558
              0.80400002                     0.029702201
              0.80599999                      0.03109099
              0.80800003                      0.03252469
                    0.81                     0.034004036
              0.81199998                     0.035529707
              0.81400001                     0.037102345
              0.81599998                     0.038722556
              0.81800002                     0.040390883
              0.81999999                     0.042107783
              0.82200003                     0.043873675
                   0.824                     0.045688849
              0.82599998                     0.047553543
              0.82800001                     0.049467862
              0.82999998                     0.051431779
              0.83200002                     0.053445157
              0.83399999                     0.055507686
              0.83600003                     0.057618905
                   0.838                     0.059778165
              0.83999997                     0.061984621
              0.84200001                       0.0642372
              0.84399998                     0.066534601
              0.84600002                     0.068875261
              0.84799999                     0.071257368
              0.85000002                     0.073678792
                   0.852                     0.076137111
              0.85399997                     0.078629591
              0.85600001                     0.081153147
              0.85799998                     0.083704323
              0.86000001                     0.086279362
              0.86199999                     0.088874064
              0.86400002                     0.091483884
                   0.866                     0.094103865
              0.86799997                     0.096728683
                    0.87                     0.099352606
              0.87199998                       0.1019695
              0.87400001                      0.10457286
              0.87599999                      0.10715581
              0.87800002                       0.1097111
                    0.88                      0.11223112
              0.88200003                      0.11470794
                   0.884                      0.11713335
              0.88599998                      0.11949884
              0.88800001                      0.12179564
              0.88999999                      0.12401481
              0.89200002                      0.12614718
              0.89399999                      0.12818353
              0.89600003                      0.13011448
                   0.898                      0.13193065
              0.89999998                      0.13362266
              0.90200001                      0.13518116
              0.90399998                      0.13659699
              0.90600002                       0.1378611
              0.90799999                      0.13896467
              0.91000003                      0.13989921
                   0.912                      0.14065652
              0.91399997                       0.1412288
              0.91600001                       0.1416087
              0.91799998                      0.14178936
              0.92000002                      0.14176452
              0.92199999                      0.14152846
              0.92400002                      0.14107609
                   0.926                      0.14040303
              0.92799997                      0.13950559
              0.93000001                      0.13838086
              0.93199998                      0.13702665
              0.93400002                      0.13544162
              0.93599999                      0.13362518
              0.93800002                      0.13157758
                    0.94                      0.12929994
              0.94199997                      0.12679411
              0.94400001                      0.12406284
              0.94599998                      0.12110961
              0.94800001                      0.11793874
              0.94999999                      0.11455528
              0.95200002                      0.11096498
                   0.954                      0.10717439
              0.95599997                      0.10319058
                   0.958                     0.099021323
              0.95999998                     0.094674945
              0.96200001                     0.090160266
              0.96399999                     0.085486636
              0.96600002                     0.080663696
              0.96799999                     0.075701527
              0.97000003                     0.070610575
                   0.972                     0.065401368
              0.97399998                     0.060084727
              0.97600001                     0.054671548
              0.97799999                     0.049172826
              0.98000002                     0.043599613
              0.98199999                     0.037962865
              0.98400003                     0.032273445
                   0.986                     0.026542088
              0.98799998                     0.020779427
              0.99000001                     0.014995815
              0.99199998                    0.0092014121
              0.99400002                    0.0034060345
              0.99599999                   -0.0023807664
              0.99800003                   -0.0081497673
                       1                    -0.013892093
                   1.002                    -0.019599259
               1.0039999                     -0.02526309
                   1.006                    -0.030875839
                   1.008                    -0.036430113
                    1.01                    -0.041918937
                   1.012                    -0.047335632
               1.0140001                    -0.052673966
                   1.016                    -0.057928078
                   1.018                    -0.063092358
                    1.02                    -0.068161607
                   1.022                    -0.073130958
                   1.024                    -0.077995814
                   1.026                    -0.082751863
                   1.028                    -0.087395139
                    1.03                    -0.091921873
               1.0319999                    -0.096328527
                   1.034                     -0.10061193
                   1.036                     -0.10476895
                   1.038                     -0.10879683
                    1.04                     -0.11269295
               1.0420001                     -0.11645485
                   1.044                     -0.12008037
                   1.046                     -0.12356739
                   1.048                     -0.12691417
                    1.05                     -0.13011897
                   1.052                     -0.13318039
                   1.054                     -0.13609712
                   1.056                     -0.13886812
                   1.058                     -0.14149253
               1.0599999                     -0.14396974
                   1.062                     -0.14629924
                   1.064                     -0.14848092
                   1.066                     -0.15051481
                   1.068                     -0.15240118
               1.0700001                     -0.15414065
                   1.072                     -0.15573394
                   1.074                     -0.15718228
                   1.076                     -0.15848686
               1.0779999                      -0.1596494
                    1.08                     -0.16067182
                   1.082                     -0.16155624
                   1.084                     -0.16230516
                   1.086                     -0.16292125
               1.0880001                     -0.16340749
                    1.09                     -0.16376704
                   1.092                      -0.1640034
                   1.094                     -0.16412014
                   1.096                     -0.16412115
                   1.098                     -0.16401044
                     1.1                      -0.1637921
                   1.102                     -0.16347054
                   1.104                     -0.16305003
               1.1059999                     -0.16253509
                   1.108                     -0.16193022
                    1.11                     -0.16123992
                   1.112                     -0.16046877
                   1.114                     -0.15962119
               1.1160001                     -0.15870166
                   1.118                     -0.15771446
                    1.12                     -0.15666385
                   1.122                     -0.15555388
                   1.124                     -0.15438849
                   1.126                     -0.15317145
                   1.128                     -0.15190628
                    1.13                     -0.15059638
                   1.132                     -0.14924486
               1.1339999                     -0.14785466
                   1.136                     -0.14642847
                   1.138                     -0.14496873
                    1.14                     -0.14347774
                   1.142                     -0.14195749
               1.1440001                     -0.14040977
                   1.146                     -0.13883622
                   1.148                     -0.13723825
                    1.15                     -0.13561714
                   1.152                     -0.13397391
                   1.154                     -0.13230956
                   1.156                     -0.13062492
                   1.158                     -0.12892067
                    1.16                     -0.12719755
               1.1619999                     -0.12545615
                   1.164                     -0.12369701
                   1.166                     -0.12192069
                   1.168                     -0.12012773
                    1.17                     -0.11831886
               1.1720001                     -0.11649453
                   1.174                     -0.11465555
                   1.176                     -0.11280268
                   1.178                     -0.11093672
               1.1799999                     -0.10905866
                   1.182                     -0.10716954
                   1.184                     -0.10527043
                   1.186                     -0.10336268
                   1.188                     -0.10144754
               1.1900001                    -0.099526443
                   1.192                    -0.097600929
                   1.194                    -0.095672607
                   1.196                    -0.093743198
                   1.198                    -0.091814347
                     1.2                    -0.089887813
                   1.202                    -0.087965406
                   1.204                    -0.086048968
                   1.206                    -0.084140137
               1.2079999                     -0.08224079
                    1.21                    -0.080352627
                   1.212                    -0.078477189
                   1.214                    -0.076616175
                   1.216                    -0.074770927
               1.2180001                    -0.072942816
                    1.22                    -0.071133122
                   1.222                    -0.069342926
                   1.224                      -0.0675731
                   1.226                    -0.065824494
                   1.228                    -0.064097777
                    1.23                    -0.062393282
                   1.232                    -0.060711492
                   1.234                    -0.059052471
               1.2359999                    -0.057416216
                   1.238                    -0.055802684
                    1.24                     -0.05421143
                   1.242                    -0.052642155
                   1.244                     -0.05109432
               1.2460001                    -0.049567271
                   1.248                    -0.048060369
                    1.25                    -0.046572804
                   1.252                    -0.045103729
               1.2539999                    -0.043652378
                   1.256                     -0.04221778
                   1.258                    -0.040799197
                    1.26                    -0.039395612
                   1.262                    -0.038006339
               1.2640001                    -0.036630657
                   1.266                    -0.035267793
                   1.268                    -0.033917211
                    1.27                    -0.032578301
                   1.272                    -0.031250689
                   1.274                    -0.029934153
                   1.276                    -0.028628293
                   1.278                    -0.027333209
                    1.28                    -0.026048776
               1.2819999                    -0.024775118
                   1.284                    -0.023512604
                   1.286                    -0.022261463
                   1.288                    -0.021022124
                    1.29                    -0.019795125
               1.2920001                    -0.018581023
                   1.294                     -0.01738048
                   1.296                     -0.01619412
                   1.298                    -0.015022665
                     1.3                    -0.013866872
                   1.302                    -0.012727449
                   1.304                    -0.011605059
                   1.306                    -0.010500541
                   1.308                   -0.0094143944
               1.3099999                   -0.0083472123
                   1.312                   -0.0072995909
                   1.314                   -0.0062718596
                   1.316                   -0.0052644275
                   1.318                   -0.0042775851
               1.3200001                   -0.0033113533
                   1.322                   -0.0023658674
                   1.324                   -0.0014410713
                   1.326                  -0.00053675979
               1.3279999                    0.0003474172
                    1.33                    0.0012117649
                   1.332                    0.0020568359
                   1.334                    0.0028832399
                   1.336                    0.0036915289
               1.3380001                    0.0044826646
                    1.34                    0.0052572861
                   1.342                    0.0060162847
                   1.344                    0.0067606163
                   1.346                    0.0074912207
                   1.348                     0.008209059
                    1.35                    0.0089149997
                   1.352                    0.0096101267
                   1.354                     0.010295151
               1.3559999                     0.010971094
                   1.358                     0.011638734
                    1.36                     0.012298818
                   1.362                     0.012952015
                   1.364                     0.013598956
               1.3660001                      0.01424014
                   1.368                     0.014876117
                    1.37                     0.015507109
                   1.372                     0.016133338
                   1.374                     0.016755056
                   1.376                     0.017372292
                   1.378                     0.017984958
                    1.38                     0.018592969
                   1.382                     0.019196196
               1.3839999                     0.019794244
                   1.386                     0.020386845
                   1.388                     0.020973591
                    1.39                     0.021554088
                   1.392                     0.022127822
               1.3940001                     0.022694329
                   1.396                     0.023253042
                   1.398                     0.023803536
                     1.4                     0.024345294
                   1.402                     0.024877807
                   1.404                     0.025400653
                   1.406                     0.025913401
                   1.408                     0.026415732
                    1.41                     0.026907293
               1.4119999                     0.027387884
                   1.414                     0.027857283
                   1.416                     0.028315393
                   1.418                     0.028762195
                    1.42                     0.029197661
               1.4220001                     0.029621962
                   1.424                     0.030035218
                   1.426                     0.030437702
                   1.428                     0.030829677
               1.4299999                     0.031211503
                   1.432                     0.031583611
                   1.434                     0.031946424
                   1.436                     0.032300439
                   1.438                     0.032646187
               1.4400001                     0.032984145
                   1.442                     0.033314928
                   1.444                     0.033639058
                   1.446                     0.033957027
                   1.448                     0.034269478
                    1.45                     0.034576803
                   1.452                      0.03487958
                   1.454                      0.03517817
                   1.456                     0.035473026
               1.4579999                     0.035764474
                    1.46                     0.036052845
                   1.462                     0.036338374
                   1.464                     0.036621246
                   1.466                     0.036901619
               1.4680001                     0.037179578
                    1.47                     0.037455108
                   1.472                     0.037728224
                   1.474                     0.037998799
                   1.476                     0.038266763
                   1.478                     0.038531885
                    1.48                     0.038793933
                   1.482                     0.039052699
                   1.484                     0.039307892
               1.4859999                     0.039559182
                   1.488                     0.039806262
                    1.49                     0.040048789
                   1.492                     0.040286452
                   1.494                     0.040518869
               1.4960001                     0.040745739
                   1.498                     0.040966742
                     1.5                     0.041181546
                   1.502                     0.041389909
               1.5039999                     0.041591562
                   1.506                     0.041786268
                   1.508                     0.041973881
                    1.51                     0.042154171
                   1.512                     0.042327087
               1.5140001                     0.042492501
                   1.516                     0.042650387
                   1.518                     0.042800717
                    1.52                     0.042943545
                   1.522                     0.043078892
                   1.524                     0.043206852
                   1.526                     0.043327563
                   1.528                     0.043441158
                    1.53                     0.043547802
               1.5319999                     0.043647688
                   1.534                      0.04374101
                   1.536                     0.043828011
                   1.538                     0.043908879
                    1.54                     0.043983858
               1.5420001                     0.044053178
                   1.544                     0.044117063
                   1.546                      0.04417574
                   1.548                     0.044229437
                    1.55                     0.044278357
                   1.552                     0.044322662
                   1.554                     0.044362579
                   1.556                     0.044398241
                   1.558                     0.044429798
               1.5599999                     0.044457369
                   1.562                     0.044481084
                   1.564                     0.044501018
                   1.566                     0.044517253
                   1.568                     0.044529837
               1.5700001                     0.044538811
                   1.572                     0.044544172
                   1.574                     0.044545949
                   1.576                     0.044544127
               1.5779999                     0.044538677
                    1.58                     0.044529557
                   1.582                     0.044516727
                   1.584                     0.044500127
                   1.586                     0.044479709
               1.5880001                     0.044455379
                    1.59                     0.044427086
                   1.592                     0.044394743
                   1.594                     0.044358272
                   1.596                     0.044317603
                   1.598                     0.044272654
                     1.6                     0.044223335
                   1.602                     0.044169586
                   1.604                      0.04411133
               1.6059999                     0.044048503
                   1.608                     0.043981045
                    1.61                     0.043908894
                   1.612                     0.043832004
                   1.614                     0.043750323
               1.6160001                      0.04366383
                   1.618                     0.043572482
                    1.62                     0.043476265
                   1.622                     0.043375175
                   1.624                     0.043269195
                   1.626                     0.043158349
                   1.628                     0.043042641
                    1.63                     0.042922109
                   1.632                     0.042796791
               1.6339999                     0.042666737
                   1.636                     0.042532004
                   1.638                     0.042392675
                    1.64                     0.042248834
                   1.642                     0.042100571
               1.6440001                     0.041948009
                   1.646                     0.041791264
                   1.648                     0.041630466
                    1.65                     0.041465756
                   1.652                      0.04129729
                   1.654                     0.041125234
                   1.656                     0.040949754
                   1.658                     0.040771034
                    1.66                     0.040589243
               1.6619999                     0.040404581
                   1.664                     0.040217232
                   1.666                     0.040027384
                   1.668                      0.03983523
                    1.67                     0.039640941
               1.6720001                     0.039444715
                   1.674                     0.039246716
                   1.676                     0.039047103
                   1.678                     0.038846031
               1.6799999                      0.03864364
                   1.682                     0.038440056
                   1.684                     0.038235374
                   1.686                     0.038029689
                   1.688                      0.03782307
               1.6900001                      0.03761559
                   1.692                     0.037407234
                   1.694                     0.037198052
                   1.696                      0.03698802
                   1.698                     0.036777113
                     1.7                     0.036565274
                   1.702                     0.036352452
                   1.704                     0.036138561
                   1.706                     0.035923496
               1.7079999                     0.035707157
                    1.71                      0.03548944
                   1.712                     0.035270207
                   1.714                     0.035049334
                   1.716                     0.034826696
               1.7180001                     0.034602176
                    1.72                     0.034375649
                   1.722                     0.034147009
                   1.724                     0.033916164
                   1.726                     0.033683013
                   1.728                     0.033447497
                    1.73                     0.033209581
                   1.732                     0.032969225
                   1.734                     0.032726448
               1.7359999                     0.032481253
                   1.738                     0.032233704
                    1.74                     0.031983864
                   1.742                     0.031731851
                   1.744                     0.031477775
               1.7460001                     0.031221792
                   1.748                      0.03096409
                    1.75                     0.030704845
                   1.752                     0.030444279
               1.7539999                       0.0301826
                   1.756                     0.029920081
                   1.758                      0.02965695
                    1.76                     0.029393457
                   1.762                     0.029129855
               1.7640001                     0.028866403
                   1.766                     0.028603334
                   1.768                      0.02834088
                    1.77                      0.02807926
                   1.772                     0.027818654
                   1.774                     0.027559265
                   1.776                     0.027301222
                   1.778                     0.027044641
                    1.78                     0.026789624
               1.7819999                     0.026536211
                   1.784                     0.026284458
                   1.786                     0.026034325
                   1.788                     0.025785789
                    1.79                     0.025538774
               1.7920001                     0.025293175
                   1.794                     0.025048859
                   1.796                     0.024805659
                   1.798                     0.024563408
                     1.8                      0.02432188
                   1.802                     0.024080859
                   1.804                     0.023840139
                   1.806                     0.023599453
                   1.808                     0.023358567
               1.8099999                     0.023117246
                   1.812                      0.02287524
                   1.814                      0.02263234
                   1.816                     0.022388333
                   1.818                     0.022143034
               1.8200001                     0.021896273
                   1.822                     0.021647925
                   1.824                     0.021397848
                   1.826                     0.021145994
               1.8279999                     0.020892328
                    1.83                      0.02063681
                   1.832                     0.020379478
                   1.834                     0.020120393
                   1.836                      0.01985967
               1.8380001                     0.019597394
                    1.84                     0.019333767
                   1.842                      0.01906894
                   1.844                     0.018803142
                   1.846                     0.018536579
                   1.848                     0.018269509
                    1.85                      0.01800219
                   1.852                      0.01773488
                   1.854                      0.01746784
               1.8559999                     0.017201321
                   1.858                     0.016935607
                    1.86                     0.016670888
                   1.862                     0.016407428
                   1.864                     0.016145386
               1.8660001                     0.015884986
                   1.868                      0.01562633
                    1.87                     0.015369567
                   1.872                     0.015114761
                   1.874                     0.014861946
                   1.876                     0.014611169
                   1.878                     0.014362392
                    1.88                      0.01411555
                   1.882                      0.01387057
               1.8839999                      0.01362731
                   1.886                     0.013385656
                   1.888                     0.013145404
                    1.89                     0.012906375
                   1.892                     0.012668363
               1.8940001                     0.012431134
                   1.896                     0.012194471
                   1.898                     0.011958141
                     1.9                     0.011721919
                   1.902                     0.011485586
                   1.904                     0.011248929
                   1.906                     0.011011768
                   1.908                     0.010773927
                    1.91                     0.010535263
               1.9119999                     0.010295679
                   1.914                     0.010055081
                   1.916                    0.0098134195
                   1.918                    0.0095707038
                    1.92                    0.0093269646
               1.9220001                    0.0090822456
                   1.924                      0.00883664
                   1.926                    0.0085902996
                   1.928                    0.0083433921
               1.9299999                    0.0080961082
                   1.932                    0.0078486493
                   1.934                    0.0076012928
                   1.936                    0.0073542735
                   1.938                    0.0071078707
               1.9400001                    0.0068623871
                   1.942                    0.0066181011
                   1.944                    0.0063752867
                   1.946                    0.0061342418
                   1.948                    0.0058951918
                    1.95                    0.0056584333
                   1.952                    0.0054241503
                   1.954                    0.0051925825
                   1.956                    0.0049638795
               1.9579999                    0.0047381707
                    1.96                    0.0045155804
                   1.962                    0.0042961719
                   1.964                    0.0040799561
                   1.966                     0.003866944
               1.9680001                    0.0036570914
                    1.97                    0.0034503094
                   1.972                    0.0032465132
                   1.974                    0.0030454912
                   1.976                    0.0028471563
                   1.978                    0.0026512376
                    1.98                    0.0024575547
                   1.982                    0.0022658878
                   1.984                    0.0020759555
               1.9859999                    0.0018875463
                   1.988                    0.0017003884
                    1.99                     0.001514259
                   1.992                    0.0013289247
                   1.994                    0.0011441433
               1.9960001                   0.00095974654
                   1.998                     0.000775547
                       2                   0.00059139781

