        Frequency / GHz                S1,2/imaginary
----------------------------------------------------------------------
                       0                   1.5311732e-12
            0.0020000001                   4.9976684e-06
            0.0040000002                     9.94128e-06
            0.0060000001                   1.4777893e-05
            0.0080000004                   1.9456798e-05
            0.0099999998                   2.3930565e-05
                   0.012                   2.8156041e-05
                   0.014                   3.2095213e-05
             0.016000001                    3.571605e-05
             0.017999999                   3.8993134e-05
                    0.02                   4.1908173e-05
                   0.022                   4.4450408e-05
                   0.024                   4.6616824e-05
             0.026000001                   4.8412192e-05
             0.028000001                   4.9848979e-05
             0.029999999                   5.0947077e-05
             0.032000002                   5.1733376e-05
             0.034000002                    5.224119e-05
             0.035999998                   5.2509578e-05
             0.037999999                   5.2582483e-05
             0.039999999                   5.2507807e-05
             0.041999999                   5.2336469e-05
                   0.044                   5.2121231e-05
                   0.046                   5.1915642e-05
                   0.048                   5.1772902e-05
             0.050000001                   5.1744755e-05
             0.052000001                   5.1880328e-05
             0.054000001                   5.2225183e-05
             0.056000002                   5.2820305e-05
             0.057999998                   5.3701209e-05
             0.059999999                   5.4897257e-05
             0.061999999                   5.6430963e-05
             0.064000003                   5.8317557e-05
                   0.066                   6.0564627e-05
             0.068000004                   6.3171981e-05
                    0.07                   6.6131601e-05
             0.071999997                   6.9427842e-05
             0.074000001                   7.3037729e-05
             0.075999998                   7.6931457e-05
             0.078000002                   8.1072947e-05
             0.079999998                   8.5420725e-05
             0.082000002                    8.992861e-05
             0.083999999                   9.4546849e-05
             0.086000003                   9.9223056e-05
                   0.088                   0.00010390335
             0.090000004                    0.0001085335
                   0.092                   0.00011306001
             0.093999997                   0.00011743136
             0.096000001                   0.00012159895
             0.097999997                   0.00012551827
                     0.1                   0.00012914975
                   0.102                   0.00013245959
                   0.104                   0.00013542065
                   0.106                   0.00013801281
                   0.108                   0.00014022355
                    0.11                   0.00014204823
                   0.112                   0.00014349012
                   0.114                    0.0001445605
                   0.116                   0.00014527823
                   0.118                   0.00014566959
                    0.12                    0.0001457676
                   0.122                    0.0001456114
                   0.124                   0.00014524546
                   0.126                   0.00014471865
              0.12800001                   0.00014408315
                    0.13                   0.00014339354
                   0.132                   0.00014270547
                   0.134                   0.00014207463
              0.13600001                   0.00014155552
                   0.138                   0.00014120035
                    0.14                   0.00014105788
                   0.142                    0.0001411725
              0.14399999                   0.00014158316
                   0.146                   0.00014232269
                   0.148                   0.00014341695
              0.15000001                   0.00014488438
                   0.152                   0.00014673561
                   0.154                   0.00014897312
                   0.156                   0.00015159132
              0.15800001                   0.00015457651
                    0.16                    0.0001579073
                   0.162                   0.00016155493
                   0.164                    0.0001654839
              0.16599999                   0.00016965283
                   0.168                   0.00017401502
                    0.17                   0.00017851981
              0.17200001                   0.00018311341
              0.17399999                   0.00018774011
                   0.176                   0.00019234334
                   0.178                   0.00019686711
              0.18000001                     0.000201257
                   0.182                    0.0002054614
                   0.184                   0.00020943265
                   0.186                   0.00021312796
              0.18799999                    0.0002165105
                    0.19                   0.00021955009
                   0.192                   0.00022222393
              0.19400001                   0.00022451712
              0.19599999                   0.00022642296
                   0.198                   0.00022794321
                     0.2                   0.00022908809
              0.20200001                    0.0002298761
                   0.204                   0.00023033362
                   0.206                   0.00023049451
                   0.208                   0.00023039937
              0.20999999                   0.00023009478
                   0.212                   0.00022963225
                   0.214                   0.00022906739
              0.21600001                   0.00022845855
              0.21799999                   0.00022786565
                    0.22                   0.00022734914
                   0.222                   0.00022696855
              0.22400001                    0.0002267814
                   0.226                   0.00022684179
                   0.228                   0.00022719942
                    0.23                   0.00022789864
              0.23199999                    0.0002289773
                   0.234                   0.00023046612
                   0.236                    0.0002323879
              0.23800001                    0.0002347571
              0.23999999                   0.00023757952
                   0.242                   0.00024085217
                   0.244                   0.00024456321
              0.24600001                   0.00024869261
                   0.248                   0.00025321156
                    0.25                   0.00025808447
                   0.252                   0.00026326848
              0.25400001                   0.00026871488
              0.25600001                   0.00027437037
              0.25799999                    0.0002801776
              0.25999999                   0.00028607686
              0.26199999                   0.00029200708
                   0.264                   0.00029790748
                   0.266                   0.00030371829
              0.26800001                   0.00030938265
              0.27000001                   0.00031484748
              0.27200001                   0.00032006495
              0.27399999                   0.00032499325
              0.27599999                   0.00032959762
                   0.278                   0.00033385117
                    0.28                   0.00033773569
              0.28200001                   0.00034124206
              0.28400001                   0.00034437006
              0.28600001                   0.00034712936
              0.28799999                   0.00034953843
              0.28999999                   0.00035162512
                   0.292                    0.0003534258
                   0.294                   0.00035498431
                   0.296                   0.00035635196
              0.29800001                   0.00035758573
              0.30000001                   0.00035874773
              0.30199999                   0.00035990376
              0.30399999                   0.00036112193
              0.30599999                   0.00036247174
                   0.308                   0.00036402186
                    0.31                   0.00036583975
              0.31200001                   0.00036798933
              0.31400001                   0.00037053041
              0.31600001                   0.00037351722
              0.31799999                   0.00037699734
              0.31999999                   0.00038101064
                   0.322                   0.00038558865
                   0.324                   0.00039075359
              0.32600001                   0.00039651833
              0.32800001                   0.00040288546
              0.33000001                   0.00040984899
              0.33199999                   0.00041739165
              0.33399999                   0.00042548831
                   0.336                   0.00043410371
                   0.338                   0.00044319555
                    0.34                   0.00045271477
              0.34200001                   0.00046260495
              0.34400001                   0.00047280596
              0.34599999                   0.00048325403
              0.34799999                   0.00049388257
              0.34999999                   0.00050462608
                   0.352                   0.00051541784
                   0.354                   0.00052619452
              0.35600001                   0.00053689675
              0.35800001                   0.00054747012
              0.36000001                   0.00055786554
              0.36199999                   0.00056804297
              0.36399999                   0.00057796983
                   0.366                   0.00058762339
                   0.368                   0.00059699028
                    0.37                   0.00060606824
              0.37200001                   0.00061486551
              0.37400001                   0.00062340015
              0.37599999                   0.00063170103
              0.37799999                   0.00063980761
                    0.38                   0.00064776762
                   0.382                   0.00065563747
                   0.384                   0.00066348241
              0.38600001                   0.00067137141
              0.38800001                   0.00067938044
              0.38999999                   0.00068758847
              0.39199999                   0.00069607591
              0.39399999                   0.00070492481
                   0.396                   0.00071421504
                   0.398                   0.00072402443
              0.40000001                   0.00073442643
              0.40200001                   0.00074548973
              0.40400001                   0.00075727567
              0.40599999                   0.00076983677
              0.40799999                   0.00078321813
                    0.41                   0.00079745415
                   0.412                   0.00081256841
                   0.414                   0.00082857499
              0.41600001                   0.00084547623
              0.41800001                   0.00086326333
              0.41999999                   0.00088191725
              0.42199999                   0.00090140995
              0.42399999                   0.00092170213
                   0.426                   0.00094274723
                   0.428                   0.00096449198
              0.43000001                   0.00098687573
              0.43200001                    0.0010098352
              0.43399999                    0.0010333036
              0.43599999                    0.0010572113
              0.43799999                    0.0010814919
                    0.44                    0.0011060798
                   0.442                    0.0011309107
              0.44400001                    0.0011559303
              0.44600001                    0.0011810872
              0.44800001                      0.00120634
              0.44999999                    0.0012316557
              0.45199999                    0.0012570131
                   0.454                    0.0012823989
                   0.456                    0.0013078152
                   0.458                    0.0013332751
              0.46000001                    0.0013588025
              0.46200001                    0.0013844342
              0.46399999                    0.0014102187
              0.46599999                    0.0014362137
              0.46799999                    0.0014624912
                    0.47                    0.0014891275
                   0.472                    0.0015162075
              0.47400001                    0.0015438257
              0.47600001                     0.001572077
              0.47799999                    0.0016010609
              0.47999999                    0.0016308789
              0.48199999                    0.0016616308
                   0.484                     0.001693415
                   0.486                    0.0017263227
              0.48800001                    0.0017604459
              0.49000001                    0.0017958614
              0.49200001                    0.0018326433
              0.49399999                    0.0018708541
              0.49599999                     0.001910545
                   0.498                    0.0019517557
                     0.5                    0.0019945144
              0.50199997                    0.0020388374
              0.50400001                    0.0020847281
              0.50599998                    0.0021321804
              0.50800002                    0.0021811721
              0.50999999                    0.0022316768
              0.51200002                    0.0022836549
                   0.514                    0.0023370609
              0.51599997                     0.002391841
              0.51800001                    0.0024479395
              0.51999998                    0.0025052954
              0.52200001                    0.0025638493
              0.52399999                     0.002623542
              0.52600002                    0.0026843157
                   0.528                    0.0027461222
              0.52999997                    0.0028089152
              0.53200001                    0.0028726615
              0.53399998                    0.0029373344
              0.53600001                    0.0030029241
              0.53799999                    0.0030694297
              0.54000002                    0.0031368642
                   0.542                     0.003205261
              0.54400003                    0.0032746617
                   0.546                    0.0033451244
              0.54799998                    0.0034167264
              0.55000001                    0.0034895591
              0.55199999                    0.0035637196
              0.55400002                    0.0036393253
              0.55599999                    0.0037165047
              0.55800003                    0.0037953905
                    0.56                    0.0038761271
              0.56199998                    0.0039588604
              0.56400001                    0.0040437458
              0.56599998                    0.0041309334
              0.56800002                    0.0042205746
              0.56999999                    0.0043128179
              0.57200003                    0.0044078045
                   0.574                    0.0045056678
              0.57599998                    0.0046065315
              0.57800001                    0.0047105085
              0.57999998                    0.0048176963
              0.58200002                    0.0049281805
              0.58399999                    0.0050420281
              0.58600003                    0.0051592924
                   0.588                    0.0052800076
              0.58999997                    0.0054041934
              0.59200001                    0.0055318549
              0.59399998                    0.0056629796
              0.59600002                    0.0057975389
              0.59799999                     0.005935499
              0.60000002                    0.0060768086
                   0.602                    0.0062214113
              0.60399997                     0.006369242
              0.60600001                     0.006520235
              0.60799998                    0.0066743218
              0.61000001                    0.0068314332
              0.61199999                    0.0069915107
              0.61400002                    0.0071544964
                   0.616                    0.0073203458
              0.61799997                    0.0074890242
                    0.62                    0.0076605147
              0.62199998                    0.0078348154
              0.62400001                    0.0080119427
              0.62599999                    0.0081919311
              0.62800002                    0.0083748391
                    0.63                     0.008560745
              0.63200003                    0.0087497486
                   0.634                    0.0089419736
              0.63599998                    0.0091375578
              0.63800001                    0.0093366634
              0.63999999                    0.0095394701
              0.64200002                    0.0097461753
              0.64399999                    0.0099569829
              0.64600003                     0.010172113
                   0.648                     0.010391793
              0.64999998                     0.010616257
              0.65200001                     0.010845734
              0.65399998                     0.011080456
              0.65600002                     0.011320646
              0.65799999                     0.011566522
              0.66000003                     0.011818284
                   0.662                     0.012076122
              0.66399997                     0.012340203
              0.66600001                     0.012610673
              0.66799998                     0.012887659
              0.67000002                      0.01317126
              0.67199999                     0.013461544
              0.67400002                     0.013758559
                   0.676                     0.014062317
              0.67799997                     0.014372813
              0.68000001                     0.014690003
              0.68199998                      0.01501383
              0.68400002                     0.015344201
              0.68599999                     0.015681008
              0.68800002                     0.016024126
                    0.69                     0.016373407
              0.69199997                     0.016728695
              0.69400001                     0.017089833
              0.69599998                     0.017456645
              0.69800001                      0.01782896
              0.69999999                     0.018206615
              0.70200002                     0.018589446
                   0.704                     0.018977311
              0.70599997                     0.019370068
                   0.708                     0.019767607
              0.70999998                     0.020169826
              0.71200001                     0.020576658
              0.71399999                     0.020988051
              0.71600002                     0.021403983
              0.71799999                      0.02182446
              0.72000003                     0.022249511
                   0.722                     0.022679189
              0.72399998                      0.02311358
              0.72600001                     0.023552779
              0.72799999                      0.02399691
              0.73000002                     0.024446104
              0.73199999                     0.024900509
              0.73400003                     0.025360277
                   0.736                     0.025825558
              0.73799998                     0.026296502
              0.74000001                     0.026773242
              0.74199998                       0.0272559
              0.74400002                     0.027744567
              0.74599999                      0.02823931
              0.74800003                     0.028740158
                    0.75                     0.029247092
              0.75199997                     0.029760052
              0.75400001                     0.030278923
              0.75599998                      0.03080352
              0.75800002                      0.03133361
              0.75999999                     0.031868871
              0.76200002                      0.03240893
                   0.764                     0.032953326
              0.76599997                     0.033501524
              0.76800001                     0.034052923
              0.76999998                     0.034606822
              0.77200001                     0.035162456
              0.77399999                     0.035718974
              0.77600002                      0.03627545
                   0.778                     0.036830895
              0.77999997                     0.037384227
              0.78200001                     0.037934296
              0.78399998                     0.038479872
              0.78600001                     0.039019715
              0.78799999                     0.039552446
              0.79000002                     0.040076647
                   0.792                     0.040590882
              0.79400003                     0.041093625
                   0.796                     0.041583266
              0.79799998                     0.042058192
              0.80000001                     0.042516693
              0.80199999                     0.042957034
              0.80400002                     0.043377399
              0.80599999                     0.043775912
              0.80800003                     0.044150662
                    0.81                     0.044499651
              0.81199998                     0.044820789
              0.81400001                     0.045111947
              0.81599998                     0.045370869
              0.81800002                     0.045595258
              0.81999999                     0.045782685
              0.82200003                      0.04593065
                   0.824                     0.046036527
              0.82599998                     0.046097517
              0.82800001                     0.046110809
              0.82999998                      0.04607337
              0.83200002                     0.045982104
              0.83399999                     0.045833707
              0.83600003                     0.045624781
                   0.838                     0.045351781
              0.83999997                     0.045011021
              0.84200001                     0.044598684
              0.84399998                     0.044110827
              0.84600002                     0.043543372
              0.84799999                     0.042892102
              0.85000002                     0.042152826
                   0.852                     0.041321114
              0.85399997                     0.040392544
              0.85600001                      0.03936274
              0.85799998                     0.038227096
              0.86000001                     0.036981251
              0.86199999                     0.035620805
              0.86400002                     0.034141362
                   0.866                     0.032538753
              0.86799997                     0.030808847
                    0.87                     0.028947895
              0.87199998                     0.026952134
              0.87400001                     0.024818206
              0.87599999                     0.022543009
              0.87800002                     0.020123934
                    0.88                     0.017558618
              0.88200003                     0.014845222
                   0.884                     0.011982335
              0.88599998                    0.0089691645
              0.88800001                    0.0058052945
              0.88999999                    0.0024910702
              0.89200002                  -0.00097254483
              0.89399999                   -0.0045841802
              0.89600003                   -0.0083414288
                   0.898                    -0.012241494
              0.89999998                    -0.016280746
              0.90200001                    -0.020454954
              0.90399998                    -0.024758972
              0.90600002                    -0.029187169
              0.90799999                    -0.033732995
              0.91000003                    -0.038389511
                   0.912                    -0.043148875
              0.91399997                    -0.048002556
              0.91600001                    -0.052941579
              0.91799998                    -0.057956398
              0.92000002                    -0.063036762
              0.92199999                    -0.068172194
              0.92400002                     -0.07335145
                   0.926                    -0.078563116
              0.92799997                    -0.083795376
              0.93000001                    -0.089036345
              0.93199998                    -0.094273642
              0.93400002                    -0.099494763
              0.93599999                      -0.1046873
              0.93800002                     -0.10983889
                    0.94                      -0.1149369
              0.94199997                     -0.11996906
              0.94400001                     -0.12492324
              0.94599998                     -0.12978753
              0.94800001                     -0.13455038
              0.94999999                     -0.13920046
              0.95200002                     -0.14372702
                   0.954                     -0.14811955
              0.95599997                     -0.15236831
                   0.958                     -0.15646389
              0.95999998                     -0.16039769
              0.96200001                     -0.16416129
              0.96399999                     -0.16774739
              0.96600002                     -0.17114906
              0.96799999                     -0.17436008
              0.97000003                     -0.17737488
                   0.972                     -0.18018867
              0.97399998                     -0.18279721
              0.97600001                     -0.18519701
              0.97799999                     -0.18738519
              0.98000002                     -0.18935952
              0.98199999                      -0.1911184
              0.98400003                     -0.19266084
                   0.986                     -0.19398642
              0.98799998                     -0.19509521
              0.99000001                     -0.19598794
              0.99199998                     -0.19666566
              0.99400002                     -0.19712999
              0.99599999                       -0.197383
              0.99800003                     -0.19742702
                       1                     -0.19726485
                   1.002                     -0.19689962
               1.0039999                     -0.19633472
                   1.006                     -0.19557381
                   1.008                     -0.19462086
                    1.01                     -0.19348003
                   1.012                     -0.19215555
               1.0140001                     -0.19065207
                   1.016                     -0.18897428
                   1.018                     -0.18712692
                    1.02                     -0.18511501
                   1.022                     -0.18294361
                   1.024                     -0.18061794
                   1.026                     -0.17814317
                   1.028                     -0.17552485
                    1.03                     -0.17276837
               1.0319999                     -0.16987929
                   1.034                     -0.16686323
                   1.036                     -0.16372593
                   1.038                     -0.16047327
                    1.04                     -0.15711103
               1.0420001                      -0.1536452
                   1.044                     -0.15008181
                   1.046                     -0.14642701
                   1.048                     -0.14268713
                    1.05                     -0.13886814
                   1.052                     -0.13497634
                   1.054                     -0.13101833
                   1.056                     -0.12700035
                   1.058                     -0.12292884
               1.0599999                      -0.1188102
                   1.062                     -0.11465097
                   1.064                     -0.11045744
                   1.066                      -0.1062361
                   1.068                     -0.10199326
               1.0700001                    -0.097735099
                   1.072                     -0.09346804
                   1.074                    -0.089198068
                   1.076                    -0.084930733
               1.0779999                    -0.080672346
                    1.08                    -0.076428309
                   1.082                      -0.0722038
                   1.084                    -0.068004318
                   1.086                    -0.063834637
               1.0880001                    -0.059699502
                    1.09                    -0.055602945
                   1.092                    -0.051549535
                   1.094                    -0.047542818
                   1.096                    -0.043586392
                   1.098                    -0.039683465
                     1.1                    -0.035836495
                   1.102                     -0.03204849
                   1.104                    -0.028321415
               1.1059999                    -0.024657302
                   1.108                     -0.02105749
                    1.11                    -0.017523389
                   1.112                    -0.014055744
                   1.114                      -0.0106557
               1.1160001                   -0.0073233037
                   1.118                   -0.0040585808
                    1.12                  -0.00086200266
                   1.122                    0.0022668557
                   1.124                    0.0053285384
                   1.126                    0.0083235484
                   1.128                     0.011252478
                    1.13                     0.014116142
                   1.132                     0.016915416
               1.1339999                      0.01965107
                   1.136                      0.02232419
                   1.138                     0.024935609
                    1.14                     0.027486425
                   1.142                     0.029977329
               1.1440001                     0.032409277
                   1.146                     0.034783073
                   1.148                     0.037099488
                    1.15                      0.03935888
                   1.152                     0.041562241
                   1.154                      0.04370974
                   1.156                       0.0458018
                   1.158                     0.047838695
                    1.16                     0.049820673
               1.1619999                     0.051747873
                   1.164                     0.053620283
                   1.166                     0.055437926
                   1.168                     0.057200596
                    1.17                     0.058908466
               1.1720001                      0.06056127
                   1.174                     0.062158823
                   1.176                     0.063701183
                   1.178                     0.065188162
               1.1799999                     0.066619545
                   1.182                     0.067995518
                   1.184                     0.069316141
                   1.186                     0.070581548
                   1.188                     0.071791917
               1.1900001                     0.072947703
                   1.192                     0.074049152
                   1.194                     0.075096935
                   1.196                       0.0760919
                   1.198                     0.077034615
                     1.2                     0.077926286
                   1.202                     0.078767665
                   1.204                     0.079559945
                   1.206                     0.080304541
               1.2079999                      0.08100275
                    1.21                     0.081656061
                   1.212                      0.08226601
                   1.214                     0.082834072
                   1.216                     0.083362155
               1.2180001                     0.083851643
                    1.22                     0.084304407
                   1.222                     0.084722117
                   1.224                     0.085106529
                   1.226                     0.085459277
                   1.228                      0.08578188
                    1.23                     0.086076014
                   1.232                     0.086343035
                   1.234                     0.086584546
               1.2359999                     0.086801656
                   1.238                     0.086995631
                    1.24                     0.087167576
                   1.242                     0.087318465
                   1.244                     0.087449126
               1.2460001                     0.087560259
                   1.248                     0.087652497
                    1.25                     0.087726362
                   1.252                     0.087782145
               1.2539999                     0.087820239
                   1.256                     0.087840624
                   1.258                     0.087843575
                    1.26                     0.087829016
                   1.262                     0.087796845
               1.2640001                     0.087746978
                   1.266                     0.087679297
                   1.268                     0.087593585
                    1.27                     0.087489665
                   1.272                     0.087367326
                   1.274                      0.08722648
                   1.276                     0.087066978
                   1.278                     0.086888671
                    1.28                     0.086691588
               1.2819999                     0.086475767
                   1.284                     0.086241268
                   1.286                     0.085988328
                   1.288                     0.085717171
                    1.29                     0.085428216
               1.2920001                      0.08512187
                   1.294                     0.084798701
                   1.296                      0.08445932
                   1.298                     0.084104449
                     1.3                     0.083734863
                   1.302                     0.083351403
                   1.304                     0.082955018
                   1.306                     0.082546666
                   1.308                     0.082127362
               1.3099999                     0.081698135
                   1.312                      0.08126004
                   1.314                     0.080814131
                   1.316                     0.080361471
                   1.318                     0.079903081
               1.3200001                     0.079439938
                   1.322                     0.078973018
                   1.324                     0.078503199
                   1.326                     0.078031294
               1.3279999                     0.077558056
                    1.33                     0.077084161
                   1.332                     0.076610178
                   1.334                     0.076136582
                   1.336                     0.075663753
               1.3380001                     0.075192004
                    1.34                       0.0747215
                   1.342                     0.074252337
                   1.344                     0.073784538
                   1.346                     0.073317982
                   1.348                      0.07285253
                    1.35                     0.072387926
                   1.352                     0.071923867
                   1.354                     0.071459994
               1.3559999                     0.070995912
                   1.358                      0.07053116
                    1.36                     0.070065267
                   1.362                     0.069597818
                   1.364                     0.069128275
               1.3660001                     0.068656206
                   1.368                     0.068181165
                    1.37                      0.06770274
                   1.372                     0.067220569
                   1.374                     0.066734307
                   1.376                     0.066243716
                   1.378                      0.06574855
                    1.38                     0.065248713
                   1.382                     0.064744063
               1.3839999                     0.064234704
                   1.386                     0.063720576
                   1.388                     0.063201882
                    1.39                     0.062678814
                   1.392                     0.062151581
               1.3940001                     0.061620526
                   1.396                     0.061086059
                   1.398                     0.060548518
                     1.4                     0.060008377
                   1.402                     0.059466101
                   1.404                     0.058922216
                   1.406                     0.058377162
                   1.408                     0.057831462
                    1.41                     0.057285637
               1.4119999                     0.056740135
                   1.414                     0.056195393
                   1.416                     0.055651829
                   1.418                     0.055109892
                    1.42                      0.05456984
               1.4220001                     0.054032028
                   1.424                     0.053496625
                   1.426                     0.052963808
                   1.428                     0.052433759
               1.4299999                      0.05190647
                   1.432                     0.051381979
                   1.434                     0.050860185
                   1.436                     0.050341003
                   1.438                     0.049824294
               1.4400001                      0.04930982
                   1.442                     0.048797362
                   1.444                     0.048286568
                   1.446                     0.047777236
                   1.448                     0.047268979
                    1.45                     0.046761446
                   1.452                     0.046254296
                   1.454                     0.045747243
                   1.456                     0.045239843
               1.4579999                       0.0447319
                    1.46                     0.044222999
                   1.462                      0.04371294
                   1.464                     0.043201439
                   1.466                     0.042688344
               1.4680001                     0.042173471
                    1.47                     0.041656721
                   1.472                     0.041137975
                   1.474                     0.040617194
                   1.476                     0.040094461
                   1.478                     0.039569821
                    1.48                     0.039043281
                   1.482                     0.038515132
                   1.484                     0.037985433
               1.4859999                     0.037454419
                   1.488                     0.036922321
                    1.49                     0.036389425
                   1.492                      0.03585593
                   1.494                      0.03532216
               1.4960001                     0.034788381
                   1.498                     0.034254834
                     1.5                     0.033721764
                   1.502                     0.033189546
               1.5039999                     0.032658309
                   1.506                     0.032128263
                   1.508                     0.031599704
                    1.51                     0.031072665
                   1.512                       0.0305473
               1.5140001                     0.030023782
                   1.516                     0.029502112
                   1.518                      0.02898228
                    1.52                     0.028464383
                   1.522                      0.02794824
                   1.524                     0.027433956
                   1.526                     0.026921328
                   1.528                       0.0264103
                    1.53                     0.025900759
               1.5319999                     0.025392495
                   1.534                     0.024885409
                   1.536                     0.024379354
                   1.538                      0.02387413
                    1.54                     0.023369653
               1.5420001                     0.022865716
                   1.544                     0.022362269
                   1.546                     0.021859149
                   1.548                     0.021356303
                    1.55                     0.020853659
                   1.552                      0.02035122
                   1.554                     0.019848924
                   1.556                     0.019346924
                   1.558                     0.018845089
               1.5599999                     0.018343715
                   1.562                      0.01784274
                   1.564                     0.017342445
                   1.566                     0.016842911
                   1.568                     0.016344441
               1.5700001                       0.0158471
                   1.572                      0.01535121
                   1.574                     0.014856974
                   1.576                     0.014364602
               1.5779999                     0.013874395
                    1.58                      0.01338653
                   1.582                     0.012901226
                   1.584                     0.012418744
                   1.586                     0.011939216
               1.5880001                     0.011462903
                    1.59                     0.010989798
                   1.592                     0.010520149
                   1.594                     0.010054026
                   1.596                    0.0095914463
                   1.598                    0.0091324234
                     1.6                    0.0086769182
                   1.602                    0.0082249679
                   1.604                    0.0077764294
               1.6059999                    0.0073312419
                   1.608                    0.0068892059
                    1.61                    0.0064502871
                   1.612                    0.0060142335
                   1.614                    0.0055808737
               1.6160001                    0.0051500341
                   1.618                    0.0047215377
                    1.62                     0.004295208
                   1.622                    0.0038707447
                   1.624                    0.0034480593
                   1.626                    0.0030269809
                   1.628                    0.0026074278
                    1.63                    0.0021892018
                   1.632                    0.0017722339
               1.6339999                    0.0013565852
                   1.636                   0.00094208081
                   1.638                   0.00052883971
                    1.64                   0.00011690743
                   1.642                   -0.0002935412
               1.6440001                  -0.00070252456
                   1.646                   -0.0011096931
                   1.648                   -0.0015150117
                    1.65                   -0.0019181215
                   1.652                   -0.0023187413
                   1.654                   -0.0027167078
                   1.656                   -0.0031116207
                   1.658                   -0.0035031633
                    1.66                   -0.0038910629
               1.6619999                   -0.0042748982
                   1.664                   -0.0046544522
                   1.666                   -0.0050294017
                   1.668                   -0.0053994004
                    1.67                   -0.0057642679
               1.6720001                   -0.0061236904
                   1.674                   -0.0064775557
                   1.676                   -0.0068255845
                   1.678                   -0.0071677761
               1.6799999                   -0.0075040334
                   1.682                   -0.0078341654
                   1.684                   -0.0081584416
                   1.686                   -0.0084768087
                   1.688                   -0.0087893037
               1.6900001                   -0.0090962937
                   1.692                    -0.009397761
                   1.694                   -0.0096940855
                   1.696                   -0.0099855009
                   1.698                     -0.01027228
                     1.7                    -0.010554792
                   1.702                    -0.010833406
                   1.704                    -0.011108469
                   1.706                    -0.011380289
               1.7079999                    -0.011649325
                    1.71                     -0.01191582
                   1.712                    -0.012180191
                   1.714                    -0.012442742
                   1.716                    -0.012703717
               1.7180001                    -0.012963336
                    1.72                     -0.01322193
                   1.722                    -0.013479577
                   1.724                    -0.013736366
                   1.726                    -0.013992427
                   1.728                    -0.014247774
                    1.73                    -0.014502341
                   1.732                    -0.014756046
                   1.734                     -0.01500876
               1.7359999                    -0.015260285
                   1.738                    -0.015510445
                    1.74                    -0.015758878
                   1.742                    -0.016005402
                   1.744                    -0.016249603
               1.7460001                    -0.016491164
                   1.748                    -0.016729718
                    1.75                     -0.01696492
                   1.752                    -0.017196385
               1.7539999                    -0.017423747
                   1.756                    -0.017646708
                   1.758                    -0.017864874
                    1.76                    -0.018078007
                   1.762                    -0.018285863
               1.7640001                    -0.018488195
                   1.766                    -0.018684857
                   1.768                     -0.01887578
                    1.77                    -0.019060841
                   1.772                    -0.019240109
                   1.774                    -0.019413583
                   1.776                    -0.019581364
                   1.778                    -0.019743659
                    1.78                    -0.019900687
               1.7819999                    -0.020052712
                   1.784                    -0.020200003
                   1.786                    -0.020342961
                   1.788                    -0.020481979
                    1.79                    -0.020617452
               1.7920001                    -0.020749794
                   1.794                    -0.020879442
                   1.796                    -0.021006862
                   1.798                    -0.021132503
                     1.8                     -0.02125673
                   1.802                    -0.021380009
                   1.804                    -0.021502698
                   1.806                    -0.021625111
                   1.808                    -0.021747565
               1.8099999                    -0.021870308
                   1.812                    -0.021993529
                   1.814                    -0.022117361
                   1.816                    -0.022241905
                   1.818                    -0.022367172
               1.8200001                     -0.02249312
                   1.822                    -0.022619655
                   1.824                     -0.02274663
                   1.826                     -0.02287381
               1.8279999                    -0.023000944
                    1.83                    -0.023127753
                   1.832                    -0.023253882
                   1.834                     -0.02337894
                   1.836                    -0.023502525
               1.8380001                    -0.023624277
                    1.84                    -0.023743693
                   1.842                    -0.023860399
                   1.844                    -0.023973962
                   1.846                    -0.024084028
                   1.848                    -0.024190139
                    1.85                    -0.024292041
                   1.852                    -0.024389356
                   1.854                    -0.024481883
               1.8559999                    -0.024569392
                   1.858                    -0.024651732
                    1.86                    -0.024728799
                   1.862                    -0.024800552
                   1.864                    -0.024867035
               1.8660001                    -0.024928303
                   1.868                    -0.024984498
                    1.87                    -0.025035826
                   1.872                    -0.025082521
                   1.874                    -0.025124852
                   1.876                    -0.025163176
                   1.878                    -0.025197856
                    1.88                    -0.025229258
                   1.882                      -0.0252578
               1.8839999                    -0.025283886
                   1.886                    -0.025307979
                   1.888                     -0.02533043
                    1.89                    -0.025351681
                   1.892                    -0.025372069
               1.8940001                    -0.025391972
                   1.896                    -0.025411686
                   1.898                    -0.025431475
                     1.9                    -0.025451535
                   1.902                    -0.025472054
                   1.904                    -0.025493128
                   1.906                    -0.025514815
                   1.908                    -0.025537107
                    1.91                    -0.025559915
               1.9119999                    -0.025583135
                   1.914                    -0.025606584
                   1.916                    -0.025630044
                   1.918                    -0.025653236
                    1.92                    -0.025675837
               1.9220001                    -0.025697514
                   1.924                    -0.025717894
                   1.926                    -0.025736591
                   1.928                    -0.025753211
               1.9299999                    -0.025767345
                   1.932                    -0.025778627
                   1.934                    -0.025786653
                   1.936                     -0.02579109
                   1.938                    -0.025791617
               1.9400001                    -0.025787961
                   1.942                    -0.025779871
                   1.944                    -0.025767179
                   1.946                    -0.025749739
                   1.948                    -0.025727484
                    1.95                    -0.025700407
                   1.952                    -0.025668532
                   1.954                    -0.025631981
                   1.956                    -0.025590917
               1.9579999                    -0.025545554
                    1.96                    -0.025496159
                   1.962                     -0.02544306
                   1.964                    -0.025386602
                   1.966                    -0.025327187
               1.9680001                    -0.025265219
                    1.97                    -0.025201142
                   1.972                      -0.0251354
                   1.974                     -0.02506844
                   1.976                    -0.025000697
                   1.978                    -0.024932595
                    1.98                    -0.024864541
                   1.982                     -0.02479689
                   1.984                    -0.024729984
               1.9859999                      -0.0246641
                   1.988                    -0.024599474
                    1.99                    -0.024536287
                   1.992                     -0.02447466
                   1.994                     -0.02441466
               1.9960001                    -0.024356289
                   1.998                    -0.024299491
                       2                     -0.02424415

