        Frequency / GHz                S1,1/real
----------------------------------------------------------------------
                       0                      0.99999994
            0.0020000001                      0.99999934
            0.0040000002                      0.99999774
            0.0060000001                      0.99999493
            0.0080000004                      0.99999124
            0.0099999998                      0.99998635
                   0.012                      0.99998069
                   0.014                      0.99997407
             0.016000001                      0.99996662
             0.017999999                      0.99995857
                    0.02                      0.99994993
                   0.022                      0.99994069
                   0.024                      0.99993104
             0.026000001                      0.99992108
             0.028000001                      0.99991083
             0.029999999                      0.99990052
             0.032000002                      0.99989009
             0.034000002                      0.99987972
             0.035999998                      0.99986941
             0.037999999                      0.99985921
             0.039999999                       0.9998492
             0.041999999                      0.99983937
                   0.044                      0.99982977
                   0.046                      0.99982041
                   0.048                      0.99981117
             0.050000001                      0.99980217
             0.052000001                      0.99979329
             0.054000001                      0.99978447
             0.056000002                      0.99977565
             0.057999998                      0.99976677
             0.059999999                      0.99975777
             0.061999999                      0.99974841
             0.064000003                      0.99973881
                   0.066                      0.99972874
             0.068000004                      0.99971807
                    0.07                       0.9997068
             0.071999997                      0.99969482
             0.074000001                      0.99968201
             0.075999998                      0.99966824
             0.078000002                      0.99965346
             0.079999998                      0.99963766
             0.082000002                      0.99962074
             0.083999999                      0.99960274
             0.086000003                      0.99958354
                   0.088                      0.99956316
             0.090000004                      0.99954158
                   0.092                      0.99951887
             0.093999997                      0.99949503
             0.096000001                      0.99947011
             0.097999997                      0.99944419
                     0.1                      0.99941736
                   0.102                      0.99938959
                   0.104                      0.99936092
                   0.106                      0.99933171
                   0.108                      0.99930185
                    0.11                      0.99927145
                   0.112                      0.99924076
                   0.114                      0.99920958
                   0.116                      0.99917823
                   0.118                      0.99914676
                    0.12                      0.99911517
                   0.122                      0.99908358
                   0.124                      0.99905205
                   0.126                      0.99902058
              0.12800001                      0.99898922
                    0.13                      0.99895799
                   0.132                      0.99892688
                   0.134                      0.99889594
              0.13600001                      0.99886507
                   0.138                      0.99883413
                    0.14                      0.99880326
                   0.142                      0.99877232
              0.14399999                      0.99874109
                   0.146                      0.99870974
                   0.148                      0.99867797
              0.15000001                      0.99864572
                   0.152                      0.99861294
                   0.154                       0.9985795
                   0.156                      0.99854529
              0.15800001                      0.99851018
                    0.16                      0.99847412
                   0.162                      0.99843705
                   0.164                      0.99839884
              0.16599999                      0.99835938
                   0.168                      0.99831867
                    0.17                      0.99827665
              0.17200001                      0.99823332
              0.17399999                      0.99818861
                   0.176                       0.9981426
                   0.178                      0.99809521
              0.18000001                      0.99804652
                   0.182                      0.99799657
                   0.184                      0.99794537
                   0.186                      0.99789304
              0.18799999                      0.99783975
                    0.19                      0.99778533
                   0.192                      0.99773002
              0.19400001                      0.99767399
              0.19599999                      0.99761719
                   0.198                      0.99755985
                     0.2                      0.99750191
              0.20200001                      0.99744362
                   0.204                      0.99738497
                   0.206                      0.99732602
                   0.208                      0.99726689
              0.20999999                      0.99720758
                   0.212                      0.99714816
                   0.214                      0.99708873
              0.21600001                      0.99702913
              0.21799999                      0.99696946
                    0.22                      0.99690974
                   0.222                      0.99684983
              0.22400001                      0.99678975
                   0.226                      0.99672931
                   0.228                      0.99666876
                    0.23                      0.99660766
              0.23199999                      0.99654609
                   0.234                      0.99648386
                   0.236                      0.99642092
              0.23800001                       0.9963572
              0.23999999                      0.99629241
                   0.242                      0.99622661
                   0.244                      0.99615961
              0.24600001                      0.99609137
                   0.248                      0.99602175
                    0.25                      0.99595064
                   0.252                      0.99587798
              0.25400001                      0.99580371
              0.25600001                      0.99572784
              0.25799999                      0.99565017
              0.25999999                      0.99557084
              0.26199999                      0.99548984
                   0.264                      0.99540704
                   0.266                       0.9953227
              0.26800001                      0.99523658
              0.27000001                      0.99514896
              0.27200001                      0.99505985
              0.27399999                      0.99496925
              0.27599999                      0.99487728
                   0.278                      0.99478418
                    0.28                      0.99468976
              0.28200001                      0.99459445
              0.28400001                      0.99449813
              0.28600001                      0.99440086
              0.28799999                      0.99430287
              0.28999999                      0.99420422
                   0.292                      0.99410492
                   0.294                      0.99400508
                   0.296                      0.99390471
              0.29800001                      0.99380398
              0.30000001                      0.99370265
              0.30199999                      0.99360102
              0.30399999                       0.9934988
              0.30599999                       0.9933961
                   0.308                      0.99329299
                    0.31                      0.99318916
              0.31200001                      0.99308467
              0.31400001                      0.99297941
              0.31600001                      0.99287331
              0.31799999                      0.99276614
              0.31999999                      0.99265784
                   0.322                      0.99254823
                   0.324                      0.99243736
              0.32600001                      0.99232483
              0.32800001                      0.99221069
              0.33000001                      0.99209481
              0.33199999                      0.99197692
              0.33399999                      0.99185693
                   0.336                      0.99173486
                   0.338                      0.99161059
                    0.34                      0.99148387
              0.34200001                      0.99135482
              0.34400001                      0.99122334
              0.34599999                      0.99108934
              0.34799999                      0.99095291
              0.34999999                      0.99081397
                   0.352                      0.99067253
                   0.354                      0.99052876
              0.35600001                      0.99038267
              0.35800001                       0.9902342
              0.36000001                      0.99008358
              0.36199999                      0.98993075
              0.36399999                      0.98977602
                   0.366                      0.98961926
                   0.368                      0.98946077
                    0.37                      0.98930055
              0.37200001                      0.98913878
              0.37400001                      0.98897541
              0.37599999                      0.98881072
              0.37799999                      0.98864466
                    0.38                      0.98847729
                   0.382                      0.98830867
                   0.384                      0.98813897
              0.38600001                      0.98796803
              0.38800001                      0.98779589
              0.38999999                      0.98762256
              0.39199999                      0.98744792
              0.39399999                      0.98727202
                   0.396                       0.9870947
                   0.398                      0.98691583
              0.40000001                      0.98673528
              0.40200001                      0.98655301
              0.40400001                      0.98636883
              0.40599999                      0.98618257
              0.40799999                      0.98599398
                    0.41                      0.98580295
                   0.412                      0.98560929
                   0.414                       0.9854129
              0.41600001                      0.98521352
              0.41800001                      0.98501098
              0.41999999                      0.98480511
              0.42199999                      0.98459589
              0.42399999                      0.98438299
                   0.426                      0.98416638
                   0.428                      0.98394603
              0.43000001                      0.98372179
              0.43200001                      0.98349357
              0.43399999                      0.98326141
              0.43599999                      0.98302519
              0.43799999                      0.98278505
                    0.44                      0.98254085
                   0.442                      0.98229271
              0.44400001                      0.98204076
              0.44600001                      0.98178494
              0.44800001                      0.98152536
              0.44999999                      0.98126227
              0.45199999                       0.9809956
                   0.454                      0.98072553
                   0.456                      0.98045206
                   0.458                       0.9801755
              0.46000001                      0.97989571
              0.46200001                      0.97961295
              0.46399999                      0.97932714
              0.46599999                      0.97903854
              0.46799999                      0.97874707
                    0.47                      0.97845268
                   0.472                      0.97815549
              0.47400001                      0.97785544
              0.47600001                      0.97755241
              0.47799999                      0.97724646
              0.47999999                      0.97693729
              0.48199999                      0.97662503
                   0.484                      0.97630924
                   0.486                         0.97599
              0.48800001                      0.97566688
              0.49000001                      0.97533989
              0.49200001                      0.97500867
              0.49399999                      0.97467309
              0.49599999                      0.97433269
                   0.498                      0.97398746
                     0.5                      0.97363698
              0.50199997                      0.97328097
              0.50400001                      0.97291923
              0.50599998                      0.97255152
              0.50800002                      0.97217762
              0.50999999                      0.97179735
              0.51200002                      0.97141027
                   0.514                      0.97101647
              0.51599997                      0.97061568
              0.51800001                      0.97020781
              0.51999998                      0.96979272
              0.52200001                      0.96937025
              0.52399999                      0.96894032
              0.52600002                      0.96850294
                   0.528                      0.96805811
              0.52999997                      0.96760583
              0.53200001                      0.96714616
              0.53399998                       0.9666791
              0.53600001                       0.9662047
              0.53799999                      0.96572304
              0.54000002                      0.96523416
                   0.542                      0.96473801
              0.54400003                      0.96423495
                   0.546                      0.96372491
              0.54799998                      0.96320772
              0.55000001                       0.9626838
              0.55199999                      0.96215308
              0.55400002                      0.96161544
              0.55599999                      0.96107084
              0.55800003                      0.96051943
                    0.56                      0.95996094
              0.56199998                      0.95939547
              0.56400001                      0.95882273
              0.56599998                       0.9582426
              0.56800002                      0.95765489
              0.56999999                      0.95705944
              0.57200003                      0.95645589
                   0.574                      0.95584393
              0.57599998                      0.95522332
              0.57800001                      0.95459384
              0.57999998                      0.95395482
              0.58200002                      0.95330608
              0.58399999                      0.95264727
              0.58600003                      0.95197785
                   0.588                      0.95129758
              0.58999997                      0.95060587
              0.59200001                      0.94990236
              0.59399998                      0.94918686
              0.59600002                      0.94845873
              0.59799999                      0.94771761
              0.60000002                      0.94696331
                   0.602                      0.94619519
              0.60399997                      0.94541329
              0.60600001                      0.94461709
              0.60799998                      0.94380635
              0.61000001                      0.94298083
              0.61199999                       0.9421404
              0.61400002                      0.94128478
                   0.616                      0.94041377
              0.61799997                      0.93952721
                    0.62                      0.93862498
              0.62199998                      0.93770707
              0.62400001                      0.93677324
              0.62599999                      0.93582338
              0.62800002                      0.93485749
                    0.63                      0.93387538
              0.63200003                      0.93287694
                   0.634                      0.93186218
              0.63599998                       0.9308309
              0.63800001                      0.92978281
              0.63999999                      0.92871791
              0.64200002                      0.92763597
              0.64399999                      0.92653662
              0.64600003                      0.92541981
                   0.648                      0.92428499
              0.64999998                        0.923132
              0.65200001                      0.92196035
              0.65399998                      0.92076969
              0.65600002                      0.91955966
              0.65799999                      0.91832942
              0.66000003                      0.91707867
                   0.662                      0.91580671
              0.66399997                      0.91451305
              0.66600001                      0.91319692
              0.66799998                       0.9118576
              0.67000002                      0.91049451
              0.67199999                      0.90910685
              0.67400002                       0.9076938
                   0.676                      0.90625465
              0.67799997                      0.90478861
              0.68000001                      0.90329486
              0.68199998                      0.90177274
              0.68400002                      0.90022135
              0.68599999                      0.89863986
              0.68800002                      0.89702767
                    0.69                      0.89538378
              0.69199997                      0.89370751
              0.69400001                      0.89199823
              0.69599998                      0.89025503
              0.69800001                      0.88847733
              0.69999999                      0.88666445
              0.70200002                      0.88481551
                   0.704                      0.88292992
              0.70599997                      0.88100684
                   0.708                      0.87904584
              0.70999998                      0.87704605
              0.71200001                      0.87500668
              0.71399999                      0.87292719
              0.71600002                      0.87080663
              0.71799999                      0.86864442
              0.72000003                      0.86643964
                   0.722                      0.86419159
              0.72399998                      0.86189926
              0.72600001                       0.8595618
              0.72799999                      0.85717833
              0.73000002                      0.85474777
              0.73199999                      0.85226899
              0.73400003                      0.84974098
                   0.736                      0.84716249
              0.73799998                      0.84453237
              0.74000001                      0.84184933
              0.74199998                      0.83911198
              0.74400002                      0.83631891
              0.74599999                      0.83346874
              0.74800003                      0.83055997
                    0.75                        0.827591
              0.75199997                      0.82456023
              0.75400001                      0.82146603
              0.75599998                      0.81830686
              0.75800002                      0.81508094
              0.75999999                      0.81178659
              0.76200002                      0.80842209
                   0.764                      0.80498582
              0.76599997                      0.80147594
              0.76800001                      0.79789066
              0.76999998                      0.79422837
              0.77200001                      0.79048741
              0.77399999                      0.78666598
              0.77600002                      0.78276241
                   0.778                      0.77877522
              0.77999997                      0.77470255
              0.78200001                      0.77054298
              0.78399998                      0.76629478
              0.78600001                      0.76195651
              0.78799999                      0.75752676
              0.79000002                      0.75300378
                   0.792                      0.74838614
              0.79400003                      0.74367249
                   0.796                      0.73886138
              0.79799998                      0.73395133
              0.80000001                      0.72894096
              0.80199999                      0.72382903
              0.80400002                      0.71861398
              0.80599999                      0.71329463
              0.80800003                      0.70786959
                    0.81                      0.70233756
              0.81199998                      0.69669724
              0.81400001                      0.69094741
              0.81599998                      0.68508691
              0.81800002                       0.6791147
              0.81999999                       0.6730296
              0.82200003                       0.6668306
                   0.824                      0.66051674
              0.82599998                      0.65408736
              0.82800001                       0.6475417
              0.82999998                      0.64087939
              0.83200002                      0.63409984
              0.83399999                      0.62720305
              0.83600003                      0.62018901
                   0.838                      0.61305821
              0.83999997                      0.60581106
              0.84200001                      0.59844863
              0.84399998                      0.59097195
              0.84600002                      0.58338267
              0.84799999                      0.57568276
              0.85000002                      0.56787461
                   0.852                      0.55996096
              0.85399997                      0.55194509
              0.85600001                      0.54383063
              0.85799998                      0.53562194
              0.86000001                      0.52732348
              0.86199999                      0.51894063
              0.86400002                      0.51047897
                   0.866                       0.5019449
              0.86799997                      0.49334499
                    0.87                      0.48468649
              0.87199998                      0.47597715
              0.87400001                      0.46722516
              0.87599999                      0.45843899
              0.87800002                      0.44962788
                    0.88                      0.44080111
              0.88200003                      0.43196854
                   0.884                      0.42314017
              0.88599998                      0.41432625
              0.88800001                      0.40553749
              0.88999999                      0.39678437
              0.89200002                      0.38807783
              0.89399999                      0.37942851
              0.89600003                      0.37084723
                   0.898                       0.3623448
              0.89999998                      0.35393161
              0.90200001                      0.34561801
              0.90399998                      0.33741406
              0.90600002                      0.32932943
              0.90799999                      0.32137346
              0.91000003                      0.31355497
                   0.912                      0.30588233
              0.91399997                      0.29836321
              0.91600001                      0.29100493
              0.91799998                      0.28381395
              0.92000002                      0.27679616
              0.92199999                      0.26995665
              0.92400002                      0.26329985
                   0.926                      0.25682944
              0.92799997                      0.25054824
              0.93000001                      0.24445853
              0.93199998                      0.23856163
              0.93400002                      0.23285824
              0.93599999                       0.2273481
              0.93800002                      0.22203058
                    0.94                       0.2169041
              0.94199997                      0.21196651
              0.94400001                      0.20721509
              0.94599998                      0.20264652
              0.94800001                        0.198257
              0.94999999                      0.19404221
              0.95200002                      0.18999748
                   0.954                      0.18611769
              0.95599997                      0.18239765
                   0.958                      0.17883168
              0.95999998                      0.17541412
              0.96200001                      0.17213917
              0.96399999                      0.16900094
              0.96600002                      0.16599362
              0.96799999                      0.16311142
              0.97000003                      0.16034879
                   0.972                      0.15770026
              0.97399998                      0.15516065
              0.97600001                      0.15272509
              0.97799999                      0.15038897
              0.98000002                      0.14814813
              0.98199999                      0.14599872
              0.98400003                      0.14393736
                   0.986                      0.14196117
              0.98799998                      0.14006761
              0.99000001                      0.13825469
              0.99199998                      0.13652091
              0.99400002                      0.13486525
              0.99599999                      0.13328712
              0.99800003                      0.13178642
                       1                       0.1303636
                   1.002                      0.12901941
               1.0039999                      0.12775514
                   1.006                      0.12657239
                   1.008                      0.12547323
                    1.01                      0.12445996
                   1.012                      0.12353531
               1.0140001                       0.1227022
                   1.016                      0.12196384
                   1.018                      0.12132362
                    1.02                      0.12078515
                   1.022                      0.12035214
                   1.024                      0.12002838
                   1.026                      0.11981779
                   1.028                      0.11972424
                    1.03                      0.11975165
               1.0319999                      0.11990388
                   1.034                       0.1201847
                   1.036                       0.1205978
                   1.038                      0.12114674
                    1.04                      0.12183489
               1.0420001                      0.12266546
                   1.044                      0.12364143
                   1.046                       0.1247656
                   1.048                      0.12604041
                    1.05                      0.12746817
                   1.052                      0.12905081
                   1.054                      0.13078997
                   1.056                      0.13268702
                   1.058                      0.13474299
               1.0599999                      0.13695858
                   1.062                      0.13933416
                   1.064                      0.14186975
                   1.066                      0.14456509
                   1.068                      0.14741947
               1.0700001                      0.15043195
                   1.072                      0.15360117
                   1.074                      0.15692544
                   1.076                      0.16040285
               1.0779999                      0.16403101
                    1.08                      0.16780733
                   1.082                      0.17172882
                   1.084                      0.17579235
                   1.086                      0.17999429
               1.0880001                      0.18433096
                    1.09                      0.18879825
                   1.092                      0.19339192
                   1.094                       0.1981075
                   1.096                      0.20294027
                   1.098                      0.20788534
                     1.1                      0.21293774
                   1.102                      0.21809223
                   1.104                      0.22334358
               1.1059999                      0.22868636
                   1.108                      0.23411515
                    1.11                       0.2396244
                   1.112                      0.24520867
                   1.114                      0.25086239
               1.1160001                      0.25658005
                   1.118                      0.26235622
                    1.12                      0.26818556
                   1.122                      0.27406275
                   1.124                      0.27998266
                   1.126                       0.2859402
                   1.128                      0.29193053
                    1.13                      0.29794893
                   1.132                      0.30399084
               1.1339999                      0.31005204
                   1.136                      0.31612825
                   1.138                      0.32221571
                    1.14                      0.32831061
                   1.142                      0.33440953
               1.1440001                       0.3405093
                   1.146                      0.34660682
                   1.148                      0.35269937
                    1.15                      0.35878438
                   1.152                       0.3648594
                   1.154                      0.37092248
                   1.156                      0.37697136
                   1.158                      0.38300449
                    1.16                      0.38902017
               1.1619999                      0.39501691
                   1.164                      0.40099341
                   1.166                      0.40694821
                   1.168                      0.41288036
                    1.17                       0.4187887
               1.1720001                      0.42467222
                   1.174                      0.43052986
                   1.176                      0.43636075
                   1.178                      0.44216383
               1.1799999                      0.44793814
                   1.182                      0.45368272
                   1.184                      0.45939648
                   1.186                      0.46507844
                   1.188                      0.47072726
               1.1900001                      0.47634196
                   1.192                       0.4819212
                   1.194                      0.48746371
                   1.196                      0.49296796
                   1.198                      0.49843279
                     1.2                      0.50385654
                   1.202                      0.50923783
                   1.204                      0.51457506
                   1.206                      0.51986659
               1.2079999                      0.52511096
                    1.21                      0.53030664
                   1.212                      0.53545201
                   1.214                       0.5405457
                   1.216                      0.54558605
               1.2180001                      0.55057192
                    1.22                      0.55550188
                   1.222                       0.5603748
                   1.224                      0.56518966
                   1.226                      0.56994539
                   1.228                      0.57464135
                    1.23                      0.57927674
                   1.232                      0.58385116
                   1.234                      0.58836424
               1.2359999                       0.5928157
                   1.238                      0.59720576
                    1.24                      0.60153437
                   1.242                      0.60580188
                   1.244                      0.61000896
               1.2460001                      0.61415589
                   1.248                      0.61824375
                    1.25                      0.62227315
                   1.252                       0.6262452
               1.2539999                      0.63016105
                   1.256                       0.6340217
                   1.258                      0.63782841
                    1.26                      0.64158255
                   1.262                      0.64528537
               1.2640001                      0.64893806
                   1.266                      0.65254194
                   1.268                      0.65609819
                    1.27                      0.65960807
                   1.272                      0.66307265
                   1.274                      0.66649306
                   1.276                      0.66987008
                   1.278                      0.67320472
                    1.28                       0.6764977
               1.2819999                      0.67974949
                   1.284                      0.68296081
                   1.286                      0.68613183
                   1.288                      0.68926293
                    1.29                      0.69235408
               1.2920001                       0.6954056
                   1.294                      0.69841713
                   1.296                      0.70138866
                   1.298                      0.70431989
                     1.3                      0.70721042
                   1.302                         0.71006
                   1.304                      0.71286803
                   1.306                      0.71563423
                   1.308                       0.7183581
               1.3099999                       0.7210393
                   1.312                      0.72367728
                   1.314                      0.72627187
                   1.316                      0.72882253
                   1.318                       0.7313292
               1.3200001                      0.73379177
                   1.322                      0.73621023
                   1.324                      0.73858446
                   1.326                      0.74091506
               1.3279999                      0.74320197
                    1.33                      0.74544585
                   1.332                      0.74764717
                   1.334                      0.74980664
                   1.336                      0.75192517
               1.3380001                      0.75400364
                    1.34                      0.75604308
                   1.342                      0.75804466
                   1.344                      0.76000959
                   1.346                      0.76193905
                   1.348                      0.76383448
                    1.35                       0.7656973
                   1.352                      0.76752877
                   1.354                      0.76933038
               1.3559999                       0.7711035
                   1.358                      0.77284944
                    1.36                      0.77456963
                   1.362                      0.77626526
                   1.364                      0.77793741
               1.3660001                      0.77958709
                   1.368                      0.78121549
                    1.37                      0.78282332
                   1.372                      0.78441137
                   1.374                      0.78598022
                   1.376                      0.78753048
                   1.378                      0.78906232
                    1.38                      0.79057622
                   1.382                      0.79207194
               1.3839999                       0.7935499
                   1.386                      0.79500961
                   1.388                      0.79645109
                    1.39                      0.79787391
                   1.392                       0.7992779
               1.3940001                      0.80066246
                   1.396                      0.80202705
                   1.398                      0.80337143
                     1.4                      0.80469477
                   1.402                      0.80599684
                   1.404                      0.80727696
                   1.406                      0.80853474
                   1.408                      0.80976981
                    1.41                      0.81098175
               1.4119999                      0.81217033
                   1.414                      0.81333548
                   1.416                      0.81447691
                   1.418                      0.81559485
                    1.42                      0.81668931
               1.4220001                      0.81776047
                   1.424                      0.81880885
                   1.426                      0.81983471
                   1.428                      0.82083869
               1.4299999                      0.82182139
                   1.432                      0.82278365
                   1.434                      0.82372618
                   1.436                      0.82464987
                   1.438                       0.8255558
               1.4400001                      0.82644486
                   1.442                      0.82731801
                   1.444                      0.82817626
                   1.446                      0.82902092
                   1.448                       0.8298527
                    1.45                      0.83067268
                   1.452                      0.83148181
                   1.454                      0.83228105
                   1.456                      0.83307111
               1.4579999                      0.83385283
                    1.46                      0.83462679
                   1.462                      0.83539343
                   1.464                      0.83615339
                   1.466                      0.83690709
               1.4680001                      0.83765447
                    1.47                      0.83839589
                   1.472                      0.83913147
                   1.474                      0.83986092
                   1.476                      0.84058416
                   1.478                      0.84130096
                    1.48                      0.84201109
                   1.482                      0.84271407
                   1.484                      0.84340948
               1.4859999                       0.8440969
                   1.488                      0.84477586
                    1.49                      0.84544557
                   1.492                      0.84610587
                   1.494                       0.8467561
               1.4960001                      0.84739578
                   1.498                      0.84802449
                     1.5                      0.84864175
                   1.502                       0.8492474
               1.5039999                      0.84984106
                   1.506                       0.8504225
                   1.508                      0.85099173
                    1.51                      0.85154873
                   1.512                       0.8520934
               1.5140001                      0.85262609
                   1.516                      0.85314691
                   1.518                      0.85365635
                    1.52                      0.85415465
                   1.522                      0.85464239
                   1.524                      0.85512012
                   1.526                      0.85558844
                   1.528                      0.85604793
                    1.53                      0.85649937
               1.5319999                      0.85694349
                   1.534                      0.85738111
                   1.536                       0.8578127
                   1.538                      0.85823923
                    1.54                      0.85866129
               1.5420001                      0.85907972
                   1.544                      0.85949486
                   1.546                      0.85990763
                   1.548                      0.86031836
                    1.55                      0.86072761
                   1.552                      0.86113566
                   1.554                      0.86154294
                   1.556                      0.86194962
                   1.558                      0.86235595
               1.5599999                      0.86276191
                   1.562                      0.86316752
                   1.564                       0.8635729
                   1.566                      0.86397773
                   1.568                      0.86438185
               1.5700001                      0.86478519
                   1.572                      0.86518723
                   1.574                      0.86558765
                   1.576                      0.86598635
               1.5779999                      0.86638278
                    1.58                      0.86677659
                   1.582                      0.86716741
                   1.584                      0.86755496
                   1.586                      0.86793882
               1.5880001                       0.8683188
                    1.59                      0.86869448
                   1.592                      0.86906582
                   1.594                      0.86943245
                   1.596                      0.86979431
                   1.598                      0.87015152
                     1.6                      0.87050396
                   1.602                      0.87085164
                   1.604                      0.87119472
               1.6059999                      0.87153345
                   1.608                      0.87186801
                    1.61                      0.87219852
                   1.612                      0.87252557
                   1.614                      0.87284935
               1.6160001                      0.87317032
                   1.618                       0.8734889
                    1.62                       0.8738054
                   1.622                      0.87412041
                   1.624                      0.87443417
                   1.626                      0.87474728
                   1.628                      0.87505996
                    1.63                      0.87537271
                   1.632                      0.87568569
               1.6339999                      0.87599927
                   1.636                      0.87631387
                   1.638                      0.87662941
                    1.64                      0.87694621
                   1.642                      0.87726426
               1.6440001                      0.87758374
                   1.646                      0.87790453
                   1.648                      0.87822652
                    1.65                      0.87854964
                   1.652                      0.87887377
                   1.654                      0.87919867
                   1.656                      0.87952423
                   1.658                      0.87985003
                    1.66                      0.88017583
               1.6619999                      0.88050145
                   1.664                      0.88082653
                   1.666                      0.88115078
                   1.668                      0.88147396
                    1.67                      0.88179576
               1.6720001                      0.88211596
                   1.674                      0.88243443
                   1.676                      0.88275093
                   1.678                      0.88306534
               1.6799999                      0.88337767
                   1.682                      0.88368779
                   1.684                      0.88399571
                   1.686                      0.88430166
                   1.688                      0.88460541
               1.6900001                      0.88490742
                   1.692                      0.88520771
                   1.694                      0.88550669
                   1.696                      0.88580453
                   1.698                      0.88610148
                     1.7                       0.8863979
                   1.702                      0.88669407
                   1.704                      0.88699043
                   1.706                      0.88728714
               1.7079999                      0.88758463
                    1.71                      0.88788331
                   1.712                      0.88818336
                   1.714                       0.8884849
                   1.716                       0.8887884
               1.7180001                      0.88909382
                    1.72                      0.88940138
                   1.722                      0.88971132
                   1.724                      0.89002335
                   1.726                      0.89033771
                   1.728                      0.89065427
                    1.73                      0.89097291
                   1.732                      0.89129341
                   1.734                      0.89161563
               1.7359999                      0.89193928
                   1.738                      0.89226407
                    1.74                      0.89258969
                   1.742                      0.89291584
                   1.744                      0.89324218
               1.7460001                      0.89356834
                   1.748                      0.89389384
                    1.75                       0.8942185
                   1.752                      0.89454192
               1.7539999                      0.89486367
                   1.756                      0.89518374
                   1.758                      0.89550179
                    1.76                      0.89581746
                   1.762                      0.89613074
               1.7640001                      0.89644152
                   1.766                      0.89674973
                   1.768                      0.89705533
                    1.77                      0.89735848
                   1.772                      0.89765906
                   1.774                      0.89795756
                   1.776                      0.89825398
                   1.778                      0.89854866
                    1.78                       0.8988418
               1.7819999                      0.89913386
                   1.784                      0.89942503
                   1.786                      0.89971578
                   1.788                      0.90000629
                    1.79                      0.90029722
               1.7920001                      0.90058881
                   1.794                      0.90088129
                   1.796                      0.90117514
                   1.798                      0.90147054
                     1.8                      0.90176785
                   1.802                      0.90206718
                   1.804                      0.90236878
                   1.806                      0.90267253
                   1.808                      0.90297878
               1.8099999                      0.90328735
                   1.812                      0.90359819
                   1.814                      0.90391117
                   1.816                      0.90422618
                   1.818                       0.9045428
               1.8200001                      0.90486085
                   1.822                      0.90518022
                   1.824                      0.90550011
                   1.826                      0.90582043
               1.8279999                      0.90614069
                    1.83                      0.90646046
                   1.832                      0.90677923
                   1.834                       0.9070968
                   1.836                      0.90741235
               1.8380001                      0.90772587
                    1.84                      0.90803683
                   1.842                      0.90834498
                   1.844                      0.90864998
                   1.846                      0.90895164
                   1.848                      0.90924978
                    1.85                      0.90954429
                   1.852                      0.90983498
                   1.854                       0.9101221
               1.8559999                      0.91040564
                   1.858                      0.91068566
                    1.86                      0.91096246
                   1.862                      0.91123623
                   1.864                      0.91150725
               1.8660001                      0.91177589
                   1.868                      0.91204238
                    1.87                      0.91230738
                   1.872                      0.91257119
                   1.874                      0.91283417
                   1.876                      0.91309673
                   1.878                      0.91335934
                    1.88                      0.91362238
                   1.882                      0.91388607
               1.8839999                      0.91415095
                   1.886                      0.91441703
                   1.888                      0.91468459
                    1.89                      0.91495395
                   1.892                      0.91522491
               1.8940001                      0.91549772
                   1.896                       0.9157722
                   1.898                      0.91604817
                     1.9                      0.91632551
                   1.902                      0.91660398
                   1.904                      0.91688311
                   1.906                      0.91716272
                   1.908                       0.9174422
                    1.91                      0.91772115
               1.9119999                      0.91799897
                   1.914                      0.91827518
                   1.916                      0.91854924
                   1.918                       0.9188205
                    1.92                      0.91908854
               1.9220001                      0.91935259
                   1.924                      0.91961247
                   1.926                      0.91986746
                   1.928                       0.9201172
               1.9299999                       0.9203614
                   1.932                       0.9205997
                   1.934                       0.9208318
                   1.936                      0.92105764
                   1.938                      0.92127717
               1.9400001                      0.92149031
                   1.942                      0.92169708
                   1.944                      0.92189777
                   1.946                      0.92209262
                   1.948                      0.92228186
                    1.95                      0.92246586
                   1.952                      0.92264509
                   1.954                      0.92282009
                   1.956                      0.92299122
               1.9579999                      0.92315906
                    1.96                      0.92332423
                   1.962                      0.92348731
                   1.964                      0.92364877
                   1.966                      0.92380923
               1.9680001                      0.92396921
                    1.97                      0.92412901
                   1.972                      0.92428935
                   1.974                      0.92445034
                   1.976                      0.92461234
                   1.978                      0.92477566
                    1.98                      0.92494047
                   1.982                      0.92510676
                   1.984                      0.92527443
               1.9859999                      0.92544353
                   1.988                      0.92561394
                    1.99                      0.92578512
                   1.992                      0.92595696
                   1.994                      0.92612916
               1.9960001                        0.926301
                   1.998                      0.92647225
                       2                      0.92664212

