        Frequency / GHz                S1,3/real
----------------------------------------------------------------------
                       0                  -1.7514962e-05
            0.0020000001                  -1.7327702e-05
            0.0040000002                  -1.6769818e-05
            0.0060000001                   -1.585294e-05
            0.0080000004                    -1.45962e-05
            0.0099999998                  -1.3025777e-05
                   0.012                  -1.1174408e-05
                   0.014                  -9.0807134e-06
             0.016000001                  -6.7883002e-06
             0.017999999                  -4.3449654e-06
                    0.02                  -1.8015742e-06
                   0.022                   7.8885853e-07
                   0.024                   3.3724002e-06
             0.026000001                   5.8952128e-06
             0.028000001                   8.3048426e-06
             0.029999999                   1.0551149e-05
             0.032000002                   1.2587437e-05
             0.034000002                   1.4371391e-05
             0.035999998                    1.586603e-05
             0.037999999                    1.704036e-05
             0.039999999                   1.7870136e-05
             0.041999999                   1.8338327e-05
                   0.044                   1.8435376e-05
                   0.046                   1.8159639e-05
                   0.048                   1.7517012e-05
             0.050000001                   1.6521311e-05
             0.052000001                   1.5193513e-05
             0.054000001                   1.3561573e-05
             0.056000002                   1.1659758e-05
             0.057999998                   9.5279738e-06
             0.059999999                   7.2107287e-06
             0.061999999                   4.7564999e-06
             0.064000003                   2.2164527e-06
                   0.066                  -3.5660821e-07
             0.068000004                  -2.9091786e-06
                    0.07                  -5.3884723e-06
             0.071999997                  -7.7433169e-06
             0.074000001                  -9.9253002e-06
             0.075999998                  -1.1889874e-05
             0.078000002                  -1.3597318e-05
             0.079999998                  -1.5013381e-05
             0.082000002                  -1.6110343e-05
             0.083999999                  -1.6867429e-05
             0.086000003                  -1.7271213e-05
                   0.088                  -1.7315941e-05
             0.090000004                  -1.7004053e-05
                   0.092                  -1.6345493e-05
             0.093999997                   -1.535811e-05
             0.096000001                  -1.4066943e-05
             0.097999997                  -1.2503952e-05
                     0.1                  -1.0707071e-05
                   0.102                  -8.7199796e-06
                   0.104                  -6.5906138e-06
                   0.106                  -4.3703035e-06
                   0.108                  -2.1132585e-06
                    0.11                   1.2558053e-07
                   0.112                   2.2904023e-06
                   0.114                   4.3270479e-06
                   0.116                   6.1828491e-06
                   0.118                   7.8086105e-06
                    0.12                   9.1594975e-06
                   0.122                    1.019557e-05
                   0.124                   1.0883091e-05
                   0.126                    1.119482e-05
              0.12800001                   1.1110898e-05
                    0.13                   1.0619336e-05
                   0.132                   9.7158809e-06
                   0.134                   8.4042676e-06
              0.13600001                   6.6963776e-06
                   0.138                    4.611707e-06
                    0.14                   2.1771702e-06
                   0.142                  -5.7373973e-07
              0.14399999                  -3.6013407e-06
                   0.146                  -6.8608174e-06
                   0.148                   -1.030303e-05
              0.15000001                  -1.3875645e-05
                   0.152                  -1.7524315e-05
                   0.154                    -2.11936e-05
                   0.156                  -2.4828216e-05
              0.15800001                  -2.8374676e-05
                    0.16                  -3.1781481e-05
                   0.162                  -3.5001365e-05
                   0.164                  -3.7991224e-05
              0.16599999                  -4.0713909e-05
                   0.168                  -4.3138749e-05
                    0.17                  -4.5241937e-05
              0.17200001                  -4.7007576e-05
              0.17399999                  -4.8427442e-05
                   0.176                  -4.9502265e-05
                   0.178                  -5.0240153e-05
              0.18000001                  -5.0658178e-05
                   0.182                  -5.0780691e-05
                   0.184                  -5.0639821e-05
                   0.186                  -5.0274091e-05
              0.18799999                  -4.9728202e-05
                    0.19                  -4.9051974e-05
                   0.192                  -4.8299029e-05
              0.19400001                  -4.7526297e-05
              0.19599999                  -4.6792113e-05
                   0.198                  -4.6155739e-05
                     0.2                  -4.5675672e-05
              0.20200001                   -4.540828e-05
                   0.204                   -4.540748e-05
                   0.206                  -4.5722321e-05
                   0.208                  -4.6397527e-05
              0.20999999                  -4.7470847e-05
                   0.212                  -4.8973579e-05
                   0.214                  -5.0929317e-05
              0.21600001                  -5.3353615e-05
              0.21799999                  -5.6253441e-05
                    0.22                  -5.9627444e-05
                   0.222                  -6.3465144e-05
              0.22400001                  -6.7748348e-05
                   0.226                  -7.2450392e-05
                   0.228                  -7.7537377e-05
                    0.23                   -8.296845e-05
              0.23199999                  -8.8697139e-05
                   0.234                  -9.4671748e-05
                   0.236                  -0.00010083688
              0.23800001                   -0.0001071345
              0.23999999                  -0.00011350512
                   0.242                  -0.00011988887
                   0.244                  -0.00012622758
              0.24600001                  -0.00013246485
                   0.248                  -0.00013854796
                    0.25                  -0.00014442926
                   0.252                  -0.00015006687
              0.25400001                  -0.00015542509
              0.25600001                  -0.00016047656
              0.25799999                  -0.00016520178
              0.25999999                  -0.00016958946
              0.26199999                  -0.00017363828
                   0.264                  -0.00017735526
                   0.266                  -0.00018075625
              0.26800001                  -0.00018386688
              0.27000001                  -0.00018671998
              0.27200001                  -0.00018935672
              0.27399999                  -0.00019182477
              0.27599999                  -0.00019417868
                   0.278                  -0.00019647644
                    0.28                  -0.00019878079
              0.28200001                  -0.00020115677
              0.28400001                  -0.00020367038
              0.28600001                  -0.00020638738
              0.28799999                  -0.00020937237
              0.28999999                  -0.00021268694
                   0.292                  -0.00021638823
                   0.294                  -0.00022052816
                   0.296                  -0.00022515263
              0.29800001                   -0.0002303002
              0.30000001                  -0.00023600037
              0.30199999                  -0.00024227469
              0.30399999                  -0.00024913522
              0.30599999                   -0.0002565844
                   0.308                  -0.00026461534
                    0.31                  -0.00027321093
              0.31200001                  -0.00028234581
              0.31400001                  -0.00029198569
              0.31600001                  -0.00030208763
              0.31799999                  -0.00031260285
              0.31999999                  -0.00032347572
                   0.322                  -0.00033464577
                   0.324                  -0.00034604975
              0.32600001                   -0.0003576208
              0.32800001                  -0.00036929245
              0.33000001                  -0.00038099827
              0.33199999                  -0.00039267362
              0.33399999                  -0.00040425741
                   0.336                  -0.00041569391
                   0.338                   -0.0004269325
                    0.34                  -0.00043792944
              0.34200001                   -0.0004486503
              0.34400001                  -0.00045906851
              0.34599999                  -0.00046916705
              0.34799999                  -0.00047893883
              0.34999999                  -0.00048838783
                   0.352                  -0.00049752695
                   0.354                  -0.00050638028
              0.35600001                  -0.00051498029
              0.35800001                  -0.00052336929
              0.36000001                  -0.00053159782
              0.36199999                  -0.00053972338
              0.36399999                  -0.00054780976
                   0.366                   -0.0005559253
                   0.368                   -0.0005641426
                    0.37                  -0.00057253538
              0.37200001                  -0.00058117806
              0.37400001                  -0.00059014489
              0.37599999                  -0.00059950724
              0.37799999                  -0.00060933188
                    0.38                  -0.00061968126
                   0.382                  -0.00063061062
                   0.384                  -0.00064216781
              0.38600001                  -0.00065439142
              0.38800001                  -0.00066731067
              0.38999999                  -0.00068094482
              0.39199999                   -0.0006953032
              0.39399999                  -0.00071038207
                   0.396                  -0.00072616915
                   0.398                  -0.00074264081
              0.40000001                  -0.00075976312
              0.40200001                  -0.00077749335
              0.40400001                  -0.00079578039
              0.40599999                  -0.00081456435
              0.40799999                  -0.00083378126
                    0.41                  -0.00085336156
                   0.412                  -0.00087323179
                   0.414                  -0.00089331693
              0.41600001                  -0.00091354223
              0.41800001                  -0.00093383453
              0.41999999                  -0.00095412339
              0.42199999                   -0.0009743424
              0.42399999                  -0.00099443237
                   0.426                    -0.001014341
                   0.428                   -0.0010340241
              0.43000001                   -0.0010534477
              0.43200001                   -0.0010725878
              0.43399999                   -0.0010914304
              0.43599999                   -0.0011099754
              0.43799999                   -0.0011282311
                    0.44                   -0.0011462186
                   0.442                   -0.0011639713
              0.44400001                   -0.0011815301
              0.44600001                   -0.0011989461
              0.44800001                   -0.0012162823
              0.44999999                   -0.0012336037
              0.45199999                   -0.0012509857
                   0.454                   -0.0012685055
                   0.456                    -0.001286245
                   0.458                   -0.0013042843
              0.46000001                   -0.0013227063
              0.46200001                   -0.0013415896
              0.46399999                    -0.001361009
              0.46599999                   -0.0013810354
              0.46799999                   -0.0014017281
                    0.47                   -0.0014231438
                   0.472                   -0.0014453245
              0.47400001                   -0.0014683049
              0.47600001                   -0.0014921062
              0.47799999                    -0.001516739
              0.47999999                      -0.0015422
              0.48199999                   -0.0015684752
                   0.484                    -0.001595536
                   0.486                   -0.0016233458
              0.48800001                   -0.0016518557
              0.49000001                   -0.0016810048
              0.49200001                    -0.001710724
              0.49399999                   -0.0017409418
              0.49599999                   -0.0017715745
                   0.498                   -0.0018025363
                     0.5                   -0.0018337428
              0.50199997                    -0.001865102
              0.50400001                    -0.001896531
              0.50599998                   -0.0019279441
              0.50800002                    -0.001959264
              0.50999999                   -0.0019904191
              0.51200002                   -0.0020213462
                   0.514                   -0.0020519907
              0.51599997                    -0.002082312
              0.51800001                   -0.0021122759
              0.51999998                   -0.0021418645
              0.52200001                   -0.0021710745
              0.52399999                   -0.0021999073
              0.52600002                    -0.002228389
                   0.528                   -0.0022565487
              0.52999997                   -0.0022844283
              0.53200001                   -0.0023120844
              0.53399998                   -0.0023395817
              0.53600001                   -0.0023669878
              0.53799999                   -0.0023943831
              0.54000002                   -0.0024218471
                   0.542                   -0.0024494622
              0.54400003                   -0.0024773169
                   0.546                   -0.0025054854
              0.54799998                   -0.0025340514
              0.55000001                   -0.0025630808
              0.55199999                   -0.0025926367
              0.55400002                    -0.002622775
              0.55599999                   -0.0026535289
              0.55800003                   -0.0026849282
                    0.56                   -0.0027169827
              0.56199998                   -0.0027496913
              0.56400001                   -0.0027830258
              0.56599998                   -0.0028169537
              0.56800002                   -0.0028514185
              0.56999999                   -0.0028863489
              0.57200003                   -0.0029216527
                   0.574                   -0.0029572332
              0.57599998                    -0.002992972
              0.57800001                   -0.0030287397
              0.57999998                   -0.0030643949
              0.58200002                   -0.0030997924
              0.58399999                   -0.0031347799
              0.58600003                   -0.0031691978
                   0.588                   -0.0032028907
              0.58999997                   -0.0032356961
              0.59200001                   -0.0032674628
              0.59399998                   -0.0032980442
              0.59600002                    -0.003327298
              0.59799999                   -0.0033550947
              0.60000002                     -0.00338132
                   0.602                   -0.0034058669
              0.60399997                   -0.0034286506
              0.60600001                   -0.0034495937
              0.60799998                   -0.0034686457
              0.61000001                   -0.0034857607
              0.61199999                   -0.0035009177
              0.61400002                   -0.0035141117
                   0.616                   -0.0035253491
              0.61799997                   -0.0035346472
                    0.62                   -0.0035420409
              0.62199998                   -0.0035475721
              0.62400001                   -0.0035512869
              0.62599999                   -0.0035532387
              0.62800002                   -0.0035534808
                    0.63                   -0.0035520673
              0.63200003                   -0.0035490373
                   0.634                   -0.0035444382
              0.63599998                   -0.0035382914
              0.63800001                    -0.003530612
              0.63999999                   -0.0035213963
              0.64200002                   -0.0035106197
              0.64399999                   -0.0034982439
              0.64600003                   -0.0034841844
                   0.648                   -0.0034683535
              0.64999998                   -0.0034506246
              0.65200001                   -0.0034308522
              0.65399998                   -0.0034088462
              0.65600002                   -0.0033844041
              0.65799999                   -0.0033572884
              0.66000003                   -0.0033272381
                   0.662                   -0.0032939697
              0.66399997                   -0.0032571694
              0.66600001                   -0.0032165044
              0.66799998                   -0.0031716353
              0.67000002                    -0.003122187
              0.67199999                    -0.003067797
              0.67400002                   -0.0030080839
                   0.676                   -0.0029426625
              0.67799997                   -0.0028711378
              0.68000001                   -0.0027931449
              0.68199998                   -0.0027082844
              0.68400002                   -0.0026162176
              0.68599999                   -0.0025165752
              0.68800002                   -0.0024090186
                    0.69                   -0.0022932373
              0.69199997                   -0.0021689283
              0.69400001                   -0.0020357976
              0.69599998                   -0.0018935964
              0.69800001                   -0.0017420992
              0.69999999                   -0.0015810627
              0.70200002                   -0.0014103039
                   0.704                   -0.0012296322
              0.70599997                   -0.0010388757
                   0.708                  -0.00083789119
              0.70999998                  -0.00062653614
              0.71200001                  -0.00040464778
              0.71399999                  -0.00017208916
              0.71600002                   7.1270515e-05
              0.71799999                   0.00032560888
              0.72000003                   0.00059109309
                   0.722                   0.00086791284
              0.72399998                    0.0011562943
              0.72600001                    0.0014564822
              0.72799999                    0.0017687432
              0.73000002                    0.0020934243
              0.73199999                    0.0024308679
              0.73400003                    0.0027815048
                   0.736                    0.0031457897
              0.73799998                    0.0035242387
              0.74000001                    0.0039174207
              0.74199998                    0.0043259594
              0.74400002                    0.0047505219
              0.74599999                    0.0051918491
              0.74800003                    0.0056507289
                    0.75                    0.0061279982
              0.75199997                    0.0066245296
              0.75400001                    0.0071412427
              0.75599998                    0.0076791369
              0.75800002                    0.0082391864
              0.75999999                    0.0088224392
              0.76200002                     0.009429967
                   0.764                     0.010062859
              0.76599997                     0.010722194
              0.76800001                     0.011409049
              0.76999998                     0.012124574
              0.77200001                      0.01286985
              0.77399999                     0.013645973
              0.77600002                     0.014454035
                   0.778                     0.015295075
              0.77999997                     0.016170137
              0.78200001                     0.017080225
              0.78399998                     0.018026378
              0.78600001                     0.019009443
              0.78799999                     0.020030415
              0.79000002                     0.021090169
                   0.792                     0.022189505
              0.79400003                     0.023329234
                   0.796                     0.024510166
              0.79799998                     0.025732996
              0.80000001                     0.026998453
              0.80199999                     0.028307175
              0.80400002                       0.0296598
              0.80599999                     0.031056952
              0.80800003                     0.032499157
                    0.81                     0.033986945
              0.81199998                     0.035520844
              0.81400001                     0.037101291
              0.81599998                     0.038728744
              0.81800002                     0.040403564
              0.81999999                     0.042126101
              0.82200003                     0.043896619
                   0.824                     0.045715336
              0.82599998                     0.047582466
              0.82800001                     0.049498033
              0.82999998                     0.051462051
              0.83200002                     0.053474352
              0.83399999                     0.055534746
              0.83600003                     0.057642825
                   0.838                     0.059798043
              0.83999997                     0.061999701
              0.84200001                     0.064246863
              0.84399998                     0.066538408
              0.84600002                     0.068872966
              0.84799999                     0.071248919
              0.85000002                     0.073664315
                   0.852                     0.076116942
              0.85399997                     0.078604281
              0.85600001                     0.081123382
              0.85799998                     0.083671048
              0.86000001                     0.086243585
              0.86199999                      0.08883696
              0.86400002                      0.09144675
                   0.866                     0.094068065
              0.86799997                     0.096695639
                    0.87                     0.099323705
              0.87199998                      0.10194617
              0.87400001                      0.10455645
              0.87599999                       0.1071476
              0.87800002                      0.10971221
                    0.88                      0.11224253
              0.88200003                      0.11473048
                   0.884                      0.11716761
              0.88599998                      0.11954517
              0.88800001                      0.12185416
              0.88999999                      0.12408535
              0.89200002                      0.12622936
              0.89399999                      0.12827662
              0.89600003                      0.13021749
                   0.898                      0.13204236
              0.89999998                      0.13374159
              0.90200001                       0.1353056
              0.90399998                      0.13672501
              0.90600002                      0.13799062
              0.90799999                      0.13909349
              0.91000003                      0.14002495
                   0.912                       0.1407768
              0.91399997                      0.14134122
              0.91600001                      0.14171092
              0.91799998                      0.14187907
              0.92000002                      0.14183956
              0.92199999                       0.1415868
              0.92400002                      0.14111596
                   0.926                      0.14042291
              0.92799997                      0.13950428
              0.93000001                      0.13835737
              0.93199998                       0.1369804
              0.93400002                      0.13537247
              0.93599999                      0.13353334
              0.93800002                      0.13146359
                    0.94                       0.1291648
              0.94199997                       0.1266392
              0.94400001                      0.12388995
              0.94599998                      0.12092085
              0.94800001                      0.11773651
              0.94999999                      0.11434237
              0.95200002                      0.11074436
                   0.954                      0.10694934
              0.95599997                      0.10296445
                   0.958                     0.098797642
              0.95999998                     0.094457045
              0.96200001                     0.089951903
              0.96399999                     0.085291162
              0.96600002                     0.080484375
              0.96799999                     0.075541563
              0.97000003                     0.070472844
                   0.972                     0.065288365
              0.97399998                     0.059998792
              0.97600001                     0.054614421
              0.97799999                     0.049146008
              0.98000002                      0.04360389
              0.98199999                      0.03799871
              0.98400003                     0.032340799
                   0.986                     0.026640501
              0.98799998                     0.020907704
              0.99000001                     0.015152329
              0.99199998                    0.0093843266
              0.99400002                    0.0036126219
              0.99599999                   -0.0021533249
              0.99800003                   -0.0079047494
                       1                    -0.013633221
                   1.002                    -0.019330192
               1.0039999                    -0.024988035
                   1.006                    -0.030599199
                   1.008                    -0.036155857
                    1.01                     -0.04165129
                   1.012                    -0.047079057
               1.0140001                    -0.052432444
                   1.016                    -0.057705205
                   1.018                    -0.062891893
                    1.02                     -0.06798663
                   1.022                    -0.072984345
                   1.024                    -0.077879839
                   1.026                    -0.082668573
                   1.028                    -0.087345719
                    1.03                    -0.091907054
               1.0319999                    -0.096348636
                   1.034                     -0.10066658
                   1.036                     -0.10485728
                   1.038                     -0.10891722
                    1.04                     -0.11284348
               1.0420001                     -0.11663305
                   1.044                     -0.12028325
                   1.046                      -0.1237915
                   1.048                     -0.12715591
                    1.05                     -0.13037425
                   1.052                     -0.13344492
                   1.054                     -0.13636653
                   1.056                     -0.13913795
                   1.058                     -0.14175829
               1.0599999                     -0.14422709
                   1.062                     -0.14654392
                   1.064                     -0.14870897
                   1.066                     -0.15072249
                   1.068                     -0.15258518
               1.0700001                     -0.15429805
                   1.072                     -0.15586224
                   1.074                     -0.15727942
                   1.076                     -0.15855166
               1.0779999                     -0.15968087
                    1.08                     -0.16066967
                   1.082                     -0.16152091
                   1.084                     -0.16223747
                   1.086                     -0.16282263
               1.0880001                     -0.16327995
                    1.09                     -0.16361322
                   1.092                     -0.16382612
                   1.094                     -0.16392285
                   1.096                      -0.1639075
                   1.098                     -0.16378438
                     1.1                     -0.16355792
                   1.102                     -0.16323245
                   1.104                     -0.16281244
               1.1059999                      -0.1623023
                   1.108                     -0.16170646
                    1.11                     -0.16102929
                   1.112                     -0.16027506
                   1.114                     -0.15944786
               1.1160001                     -0.15855181
                   1.118                     -0.15759079
                    1.12                     -0.15656853
                   1.122                     -0.15548857
                   1.124                      -0.1543543
                   1.126                      -0.1531689
                   1.128                     -0.15193535
                    1.13                     -0.15065642
                   1.132                      -0.1493347
               1.1339999                     -0.14797257
                   1.136                     -0.14657217
                   1.138                     -0.14513554
                    1.14                     -0.14366448
                   1.142                     -0.14216064
               1.1440001                     -0.14062554
                   1.146                     -0.13906054
                   1.148                     -0.13746691
                    1.15                     -0.13584587
                   1.152                     -0.13419837
                   1.154                     -0.13252553
                   1.156                     -0.13082832
                   1.158                     -0.12910768
                    1.16                     -0.12736458
               1.1619999                     -0.12559997
                   1.164                     -0.12381482
                   1.166                     -0.12201018
                   1.168                     -0.12018719
                    1.17                     -0.11834684
               1.1720001                     -0.11649042
                   1.174                     -0.11461924
                   1.176                     -0.11273453
                   1.178                     -0.11083779
               1.1799999                      -0.1089306
                   1.182                     -0.10701443
                   1.184                     -0.10509091
                   1.186                     -0.10316171
                   1.188                     -0.10122864
               1.1900001                    -0.099293366
                   1.192                    -0.097357824
                   1.194                    -0.095423721
                   1.196                    -0.093492731
                   1.198                    -0.091566809
                     1.2                    -0.089647427
                   1.202                     -0.08773651
                   1.204                    -0.085835643
                   1.206                    -0.083946221
               1.2079999                     -0.08206971
                    1.21                    -0.080207407
                   1.212                    -0.078360491
                   1.214                    -0.076530188
                   1.216                    -0.074717134
               1.2180001                    -0.072922438
                    1.22                      -0.0711466
                   1.222                    -0.069390126
                   1.224                    -0.067653313
                   1.226                    -0.065936424
                   1.228                    -0.064239636
                    1.23                    -0.062562793
                   1.232                      -0.0609059
                   1.234                    -0.059268378
               1.2359999                    -0.057650149
                   1.238                    -0.056050666
                    1.24                    -0.054469392
                   1.242                    -0.052905723
                   1.244                     -0.05135911
               1.2460001                    -0.049828954
                   1.248                    -0.048314538
                    1.25                    -0.046815205
                   1.252                    -0.045330454
               1.2539999                    -0.043859519
                   1.256                    -0.042402223
                   1.258                    -0.040957715
                    1.26                    -0.039525758
                   1.262                    -0.038106114
               1.2640001                    -0.036698502
                   1.266                    -0.035302725
                   1.268                    -0.033918809
                    1.27                    -0.032546781
                   1.272                    -0.031186894
                   1.274                     -0.02983916
                   1.276                    -0.028503958
                   1.278                    -0.027181864
                    1.28                    -0.025873141
               1.2819999                    -0.024578333
                   1.284                     -0.02329815
                   1.286                    -0.022033075
                   1.288                    -0.020783836
                    1.29                    -0.019550931
               1.2920001                    -0.018335169
                   1.294                    -0.017137026
                   1.296                    -0.015957212
                   1.298                    -0.014796249
                     1.3                    -0.013654639
                   1.302                    -0.012532938
                   1.304                     -0.01143143
                   1.306                    -0.010350367
                   1.308                   -0.0092899678
               1.3099999                   -0.0082504144
                   1.312                    -0.007231697
                   1.314                   -0.0062337718
                   1.316                   -0.0052563292
                   1.318                   -0.0042991866
               1.3200001                   -0.0033620526
                   1.322                   -0.0024442326
                   1.324                   -0.0015453916
                   1.326                   -0.0006648752
               1.3279999                    0.0001981305
                    1.33                    0.0010442227
                   1.332                     0.001874224
                   1.334                    0.0026890263
                   1.336                    0.0034894401
               1.3380001                    0.0042762659
                    1.34                    0.0050504315
                   1.342                     0.005812773
                   1.344                    0.0065639638
                   1.346                    0.0073050009
                   1.348                    0.0080364365
                    1.35                    0.0087589975
                   1.352                    0.0094733126
                   1.354                     0.010179911
               1.3559999                     0.010879221
                   1.358                     0.011571637
                    1.36                     0.012257528
                   1.362                     0.012936896
                   1.364                     0.013610114
               1.3660001                     0.014277077
                   1.368                     0.014937783
                    1.37                     0.015592149
                   1.372                     0.016239954
                   1.374                     0.016881095
                   1.376                     0.017515143
                   1.378                     0.018141923
                    1.38                     0.018760895
                   1.382                     0.019371955
               1.3839999                     0.019974332
                   1.386                     0.020568026
                   1.388                     0.021152368
                    1.39                      0.02172715
                   1.392                     0.022291943
               1.3940001                     0.022846537
                   1.396                     0.023390509
                   1.398                     0.023923766
                     1.4                     0.024446128
                   1.402                     0.024957454
                   1.404                     0.025457626
                   1.406                     0.025946787
                   1.408                     0.026424997
                    1.41                     0.026892269
               1.4119999                     0.027348937
                   1.414                     0.027795214
                   1.416                     0.028231448
                   1.418                     0.028657831
                    1.42                     0.029074924
               1.4220001                     0.029483028
                   1.424                     0.029882686
                   1.426                     0.030274384
                   1.428                     0.030658484
               1.4299999                     0.031035576
                   1.432                     0.031406086
                   1.434                     0.031770546
                   1.436                     0.032129359
                   1.438                     0.032482903
               1.4400001                     0.032831609
                   1.442                     0.033175781
                   1.444                     0.033515822
                   1.446                     0.033851825
                   1.448                     0.034184076
                    1.45                     0.034512736
                   1.452                     0.034837887
                   1.454                     0.035159502
                   1.456                     0.035477698
               1.4579999                     0.035792273
                    1.46                      0.03610326
                   1.462                     0.036410417
                   1.464                     0.036713641
                   1.466                     0.037012629
               1.4680001                     0.037307195
                    1.47                     0.037597053
                   1.472                     0.037881974
                   1.474                     0.038161699
                   1.476                     0.038435876
                   1.478                     0.038704246
                    1.48                     0.038966656
                   1.482                     0.039222714
                   1.484                     0.039472312
               1.4859999                     0.039715234
                   1.488                     0.039951324
                    1.49                      0.04018043
                   1.492                      0.04040252
                   1.494                     0.040617503
               1.4960001                     0.040825378
                   1.498                     0.041026201
                     1.5                      0.04122005
                   1.502                     0.041406933
               1.5039999                     0.041587051
                   1.506                     0.041760568
                   1.508                     0.041927587
                    1.51                     0.042088393
                   1.512                      0.04224319
               1.5140001                     0.042392131
                   1.516                     0.042535499
                   1.518                     0.042673539
                    1.52                     0.042806413
                   1.522                      0.04293441
                   1.524                     0.043057632
                   1.526                     0.043176319
                   1.528                     0.043290596
                    1.53                     0.043400578
               1.5319999                     0.043506399
                   1.534                     0.043608099
                   1.536                     0.043705713
                   1.538                     0.043799277
                    1.54                     0.043888725
               1.5420001                     0.043974046
                   1.544                     0.044055123
                   1.546                     0.044131886
                   1.548                      0.04420419
                    1.55                     0.044271905
                   1.552                     0.044334862
                   1.554                     0.044392928
                   1.556                     0.044445876
                   1.558                     0.044493631
               1.5599999                     0.044535935
                   1.562                     0.044572726
                   1.564                      0.04460381
                   1.566                     0.044629093
                   1.568                     0.044648454
               1.5700001                     0.044661868
                   1.572                     0.044669259
                   1.574                     0.044670627
                   1.576                     0.044665996
               1.5779999                     0.044655398
                    1.58                     0.044638935
                   1.582                      0.04461671
                   1.584                     0.044588853
                   1.586                     0.044555541
               1.5880001                     0.044516947
                    1.59                     0.044473313
                   1.592                     0.044424832
                   1.594                     0.044371735
                   1.596                     0.044314284
                   1.598                     0.044252716
                     1.6                     0.044187281
                   1.602                     0.044118192
                   1.604                     0.044045683
               1.6059999                     0.043969944
                   1.608                      0.04389118
                    1.61                     0.043809507
                   1.612                     0.043725081
                   1.614                     0.043637987
               1.6160001                     0.043548293
                   1.618                     0.043456014
                    1.62                      0.04336115
                   1.622                      0.04326367
                   1.624                      0.04316349
                   1.626                       0.0430605
                   1.628                     0.042954579
                    1.63                     0.042845558
                   1.632                     0.042733271
               1.6339999                       0.0426175
                   1.636                     0.042498048
                   1.638                     0.042374704
                    1.64                     0.042247251
                   1.642                     0.042115465
               1.6440001                      0.04197916
                   1.646                     0.041838143
                   1.648                     0.041692249
                    1.65                     0.041541349
                   1.652                      0.04138533
                   1.654                     0.041224118
                   1.656                     0.041057676
                   1.658                     0.040886022
                    1.66                      0.04070919
               1.6619999                     0.040527288
                   1.664                     0.040340435
                   1.666                     0.040148821
                   1.668                     0.039952654
                    1.67                     0.039752197
               1.6720001                     0.039547738
                   1.674                     0.039339595
                   1.676                     0.039128132
                   1.678                     0.038913693
               1.6799999                     0.038696669
                   1.682                      0.03847748
                   1.684                     0.038256478
                   1.686                     0.038034059
                   1.688                     0.037810631
               1.6900001                     0.037586503
                   1.692                     0.037362058
                   1.694                     0.037137568
                   1.696                      0.03691332
                   1.698                     0.036689546
                     1.7                     0.036466423
                   1.702                     0.036244087
                   1.704                     0.036022637
                   1.706                     0.035802115
               1.7079999                     0.035582498
                    1.71                      0.03536376
                   1.712                     0.035145756
                   1.714                     0.034928344
                   1.716                     0.034711339
               1.7180001                     0.034494527
                    1.72                     0.034277592
                   1.722                     0.034060284
                   1.724                     0.033842295
                   1.726                     0.033623286
                   1.728                      0.03340292
                    1.73                     0.033180892
                   1.732                     0.032956876
                   1.734                     0.032730568
               1.7359999                      0.03250169
                   1.738                     0.032269977
                    1.74                     0.032035254
                   1.742                      0.03179729
                   1.744                     0.031556003
               1.7460001                     0.031311296
                   1.748                     0.031063139
                    1.75                     0.030811548
                   1.752                     0.030556614
               1.7539999                     0.030298464
                   1.756                      0.03003726
                   1.758                     0.029773282
                    1.76                     0.029506775
                   1.762                     0.029238053
               1.7640001                     0.028967494
                   1.766                     0.028695455
                   1.768                     0.028422372
                    1.77                     0.028148657
                   1.772                     0.027874699
                   1.774                     0.027600983
                   1.776                     0.027327936
                   1.778                     0.027055932
                    1.78                     0.026785361
               1.7819999                      0.02651657
                   1.784                     0.026249921
                   1.786                      0.02598564
                   1.788                     0.025723949
                    1.79                     0.025465038
               1.7920001                     0.025209026
                   1.794                     0.024955988
                   1.796                     0.024705896
                   1.798                     0.024458686
                     1.8                      0.02421429
                   1.802                     0.023972485
                   1.804                     0.023733051
                   1.806                     0.023495747
                   1.808                     0.023260232
               1.8099999                     0.023026157
                   1.812                     0.022793151
                   1.814                     0.022560816
                   1.816                     0.022328716
                   1.818                     0.022096433
               1.8200001                     0.021863557
                   1.822                     0.021629674
                   1.824                     0.021394387
                   1.826                     0.021157354
               1.8279999                     0.020918239
                    1.83                     0.020676706
                   1.832                     0.020432588
                   1.834                     0.020185644
                   1.836                     0.019935749
               1.8380001                     0.019682821
                    1.84                     0.019426867
                   1.842                     0.019167894
                   1.844                     0.018906027
                   1.846                      0.01864136
                   1.848                     0.018374223
                    1.85                     0.018104764
                   1.852                     0.017833389
                   1.854                      0.01756035
               1.8559999                     0.017286124
                   1.858                     0.017011048
                    1.86                     0.016735585
                   1.862                     0.016460165
                   1.864                     0.016185176
               1.8660001                     0.015911149
                   1.868                      0.01563842
                    1.87                     0.015367382
                   1.872                      0.01509842
                   1.874                     0.014831852
                   1.876                     0.014567964
                   1.878                     0.014306981
                    1.88                     0.014049073
                   1.882                     0.013794365
               1.8839999                      0.01354292
                   1.886                     0.013294729
                   1.888                     0.013049787
                    1.89                      0.01280792
                   1.892                     0.012569002
               1.8940001                      0.01233281
                   1.896                     0.012099099
                   1.898                     0.011867527
                     1.9                     0.011637824
                   1.902                     0.011409579
                   1.904                     0.011182433
                   1.906                     0.010955987
                   1.908                     0.010729849
                    1.91                     0.010503689
               1.9119999                     0.010277095
                   1.914                     0.010049745
                   1.916                    0.0098212874
                   1.918                    0.0095914742
                    1.92                    0.0093601039
               1.9220001                    0.0091269622
                   1.924                    0.0088919392
                   1.926                    0.0086549381
                   1.928                    0.0084159523
               1.9299999                    0.0081750611
                   1.932                    0.0079322923
                   1.934                    0.0076878886
                   1.936                    0.0074420366
                   1.938                    0.0071949912
               1.9400001                    0.0069470289
                   1.942                    0.0066986126
                   1.944                    0.0064499998
                   1.946                    0.0062016835
                   1.948                    0.0059540449
                    1.95                    0.0057075224
                   1.952                     0.005462585
                   1.954                    0.0052196789
                   1.956                    0.0049791532
               1.9579999                     0.004741428
                    1.96                    0.0045068921
                   1.962                    0.0042758062
                   1.964                    0.0040484951
                   1.966                    0.0038251264
               1.9680001                    0.0036059276
                    1.97                    0.0033909932
                   1.972                    0.0031803572
                   1.974                    0.0029740154
                   1.976                    0.0027719049
                   1.978                    0.0025739248
                    1.98                    0.0023798218
                   1.982                    0.0021894516
                   1.984                    0.0020024483
               1.9859999                    0.0018185338
                   1.988                    0.0016373773
                    1.99                    0.0014585275
                   1.992                    0.0012816481
                   1.994                     0.001106309
               1.9960001                   0.00093210442
                   1.998                    0.0007586081
                       2                    0.0005854679

