        Frequency / GHz                S2,3/imaginary
----------------------------------------------------------------------
                       0                               0
            0.0020000001                  -3.8290543e-07
            0.0040000002                  -7.5287539e-07
            0.0060000001                  -1.0972396e-06
            0.0080000004                  -1.4038517e-06
            0.0099999998                  -1.6613383e-06
                   0.012                  -1.8593327e-06
                   0.014                  -1.9886879e-06
             0.016000001                  -2.0416651e-06
             0.017999999                  -2.0120938e-06
                    0.02                  -1.8955004e-06
                   0.022                   -1.689203e-06
                   0.024                  -1.3923695e-06
             0.026000001                  -1.0060386e-06
             0.028000001                  -5.3310288e-07
             0.029999999                   2.1746034e-08
             0.032000002                   6.5210395e-07
             0.034000002                   1.3499873e-06
             0.035999998                   2.1059839e-06
             0.037999999                   2.9094454e-06
             0.039999999                   3.7486898e-06
             0.041999999                   4.6112464e-06
                   0.044                   5.4840966e-06
                   0.046                   6.3539446e-06
                   0.048                   7.2074677e-06
             0.050000001                   8.0316095e-06
             0.052000001                   8.8138258e-06
             0.054000001                   9.5423356e-06
             0.056000002                    1.020639e-05
             0.057999998                   1.0796457e-05
             0.059999999                   1.1304437e-05
             0.061999999                   1.1723837e-05
             0.064000003                   1.2049887e-05
                   0.066                   1.2279666e-05
             0.068000004                   1.2412152e-05
                    0.07                    1.244826e-05
             0.071999997                   1.2390832e-05
             0.074000001                   1.2244587e-05
             0.075999998                   1.2016041e-05
             0.078000002                   1.1713381e-05
             0.079999998                   1.1346318e-05
             0.082000002                   1.0925901e-05
             0.083999999                   1.0464304e-05
             0.086000003                   9.9745985e-06
                   0.088                   9.4704965e-06
             0.090000004                   8.9660962e-06
                   0.092                   8.4755957e-06
             0.093999997                   8.0130358e-06
             0.096000001                    7.592017e-06
             0.097999997                   7.2254411e-06
                     0.1                   6.9252624e-06
                   0.102                   6.7022615e-06
                   0.104                   6.5658282e-06
                   0.106                   6.5237969e-06
                   0.108                   6.5822824e-06
                    0.11                   6.7455767e-06
                   0.112                   7.0160663e-06
                   0.114                   7.3941974e-06
                   0.116                   7.8784624e-06
                   0.118                   8.4654557e-06
                    0.12                   9.1499396e-06
                   0.122                   9.9249492e-06
                   0.124                   1.0781934e-05
                   0.126                   1.1710992e-05
              0.12800001                      1.2701e-05
                    0.13                   1.3739887e-05
                   0.132                   1.4814882e-05
                   0.134                   1.5912767e-05
              0.13600001                   1.7020173e-05
                   0.138                   1.8123834e-05
                    0.14                   1.9210878e-05
                   0.142                   2.0269103e-05
              0.14399999                   2.1287182e-05
                   0.146                   2.2255001e-05
                   0.148                   2.3163782e-05
              0.15000001                   2.4006358e-05
                   0.152                   2.4777186e-05
                   0.154                   2.5472662e-05
                   0.156                   2.6091082e-05
              0.15800001                   2.6632739e-05
                    0.16                   2.7099897e-05
                   0.162                   2.7496801e-05
                   0.164                   2.7829628e-05
              0.16599999                   2.8106298e-05
                   0.168                   2.8336413e-05
                    0.17                   2.8531013e-05
              0.17200001                    2.870246e-05
              0.17399999                   2.8864122e-05
                   0.176                    2.903018e-05
                   0.178                   2.9215314e-05
              0.18000001                   2.9434434e-05
                   0.182                   2.9702443e-05
                   0.184                   3.0033905e-05
                   0.186                   3.0442738e-05
              0.18799999                   3.0942065e-05
                    0.19                   3.1543816e-05
                   0.192                   3.2258631e-05
              0.19400001                    3.309553e-05
              0.19599999                   3.4061875e-05
                   0.198                   3.5163142e-05
                     0.2                   3.6402824e-05
              0.20200001                   3.7782469e-05
                   0.204                   3.9301507e-05
                   0.206                   4.0957359e-05
                   0.208                   4.2745523e-05
              0.20999999                   4.4659595e-05
                   0.212                   4.6691453e-05
                   0.214                   4.8831414e-05
              0.21600001                   5.1068502e-05
              0.21799999                   5.3390489e-05
                    0.22                   5.5784411e-05
                   0.222                   5.8236656e-05
              0.22400001                   6.0733244e-05
                   0.226                   6.3260246e-05
                   0.228                   6.5803957e-05
                    0.23                   6.8351212e-05
              0.23199999                   7.0889699e-05
                   0.234                    7.340822e-05
                   0.236                   7.5896882e-05
              0.23800001                   7.8347308e-05
              0.23999999                   8.0752856e-05
                   0.242                   8.3108833e-05
                   0.244                   8.5412401e-05
              0.24600001                   8.7662884e-05
                   0.248                   8.9861671e-05
                    0.25                   9.2012247e-05
                   0.252                   9.4120041e-05
              0.25400001                    9.619254e-05
              0.25600001                   9.8239012e-05
              0.25799999                   0.00010027028
              0.25999999                   0.00010229876
              0.26199999                   0.00010433795
                   0.264                   0.00010640242
                   0.266                   0.00010850735
              0.26800001                   0.00011066837
              0.27000001                   0.00011290125
              0.27200001                   0.00011522153
              0.27399999                   0.00011764427
              0.27599999                   0.00012018381
                   0.278                   0.00012285344
                    0.28                   0.00012566528
              0.28200001                   0.00012862979
              0.28400001                   0.00013175581
              0.28600001                   0.00013505046
              0.28799999                   0.00013851875
              0.28999999                    0.0001421637
                   0.292                    0.0001459863
                   0.294                   0.00014998546
                   0.296                   0.00015415794
              0.29800001                   0.00015849875
              0.30000001                   0.00016300105
              0.30199999                   0.00016765624
              0.30399999                   0.00017245444
              0.30599999                   0.00017738444
                   0.308                     0.000182434
                    0.31                   0.00018759056
              0.31200001                   0.00019284074
              0.31400001                   0.00019817117
              0.31600001                   0.00020356895
              0.31799999                   0.00020902135
              0.31999999                   0.00021451661
                   0.322                   0.00022004395
                   0.324                   0.00022559398
              0.32600001                   0.00023115866
              0.32800001                   0.00023673195
              0.33000001                   0.00024230943
              0.33199999                   0.00024788891
              0.33399999                   0.00025347012
                   0.336                    0.0002590548
                   0.338                   0.00026464715
                    0.34                   0.00027025308
              0.34200001                   0.00027588056
              0.34400001                    0.0002815394
              0.34599999                   0.00028724101
              0.34799999                   0.00029299824
              0.34999999                   0.00029882506
                   0.352                   0.00030473649
                   0.354                   0.00031074797
              0.35600001                    0.0003168754
              0.35800001                   0.00032313474
              0.36000001                   0.00032954148
              0.36199999                   0.00033611062
              0.36399999                    0.0003428561
                   0.366                   0.00034979085
                   0.368                   0.00035692623
                    0.37                   0.00036427192
              0.37200001                   0.00037183575
              0.37400001                   0.00037962353
              0.37599999                   0.00038763889
              0.37799999                   0.00039588319
                    0.38                    0.0004043557
                   0.382                    0.0004130532
                   0.384                   0.00042197062
              0.38600001                   0.00043110063
              0.38800001                   0.00044043415
              0.38999999                   0.00044996029
              0.39199999                   0.00045966668
              0.39399999                   0.00046954001
                   0.396                   0.00047956582
                   0.398                   0.00048972917
              0.40000001                   0.00050001487
              0.40200001                   0.00051040779
              0.40400001                   0.00052089326
              0.40599999                   0.00053145731
              0.40799999                   0.00054208719
                    0.41                   0.00055277126
                   0.412                   0.00056349969
                   0.414                    0.0005742645
              0.41600001                   0.00058505969
              0.41800001                   0.00059588137
              0.41999999                   0.00060672837
              0.42199999                   0.00061760133
              0.42399999                   0.00062850368
                   0.426                   0.00063944119
                   0.428                   0.00065042137
              0.43000001                   0.00066145416
              0.43200001                   0.00067255145
              0.43399999                   0.00068372639
              0.43599999                   0.00069499371
              0.43799999                   0.00070636906
                    0.44                   0.00071786868
                   0.442                   0.00072950905
              0.44400001                   0.00074130658
              0.44600001                    0.0007532771
              0.44800001                   0.00076543557
              0.44999999                   0.00077779533
              0.45199999                   0.00079036853
                   0.454                    0.0008031649
                   0.456                   0.00081619178
                   0.458                   0.00082945405
              0.46000001                   0.00084295362
              0.46200001                   0.00085668947
              0.46399999                   0.00087065721
              0.46599999                   0.00088484935
              0.46799999                   0.00089925522
                    0.47                   0.00091386068
                   0.472                   0.00092864892
              0.47400001                   0.00094360026
              0.47600001                   0.00095869182
              0.47799999                   0.00097389927
              0.47999999                   0.00098919566
              0.48199999                    0.0010045527
                   0.484                    0.0010199406
                   0.486                    0.0010353297
              0.48800001                    0.0010506893
              0.49000001                    0.0010659891
              0.49200001                    0.0010812001
              0.49399999                    0.0010962938
              0.49599999                    0.0011112439
                   0.498                    0.0011260258
                     0.5                    0.0011406178
              0.50199997                    0.0011550005
              0.50400001                    0.0011691587
              0.50599998                    0.0011830794
              0.50800002                    0.0011967534
              0.50999999                    0.0012101751
              0.51200002                    0.0012233434
                   0.514                    0.0012362591
              0.51599997                    0.0012489283
              0.51800001                    0.0012613587
              0.51999998                     0.001273561
              0.52200001                    0.0012855504
              0.52399999                    0.0012973418
              0.52600002                    0.0013089522
                   0.528                    0.0013204011
              0.52999997                    0.0013317069
              0.53200001                    0.0013428887
              0.53399998                    0.0013539649
              0.53600001                    0.0013649511
              0.53799999                    0.0013758632
              0.54000002                    0.0013867124
                   0.542                     0.001397508
              0.54400003                    0.0014082544
                   0.546                     0.001418951
              0.54799998                    0.0014295951
              0.55000001                    0.0014401766
              0.55199999                    0.0014506795
              0.55400002                    0.0014610831
              0.55599999                    0.0014713606
              0.55800003                    0.0014814776
                    0.56                    0.0014913969
              0.56199998                    0.0015010729
              0.56400001                    0.0015104547
              0.56599998                    0.0015194857
              0.56800002                     0.001528106
              0.56999999                    0.0015362499
              0.57200003                    0.0015438467
                   0.574                    0.0015508247
              0.57599998                    0.0015571078
              0.57800001                    0.0015626173
              0.57999998                    0.0015672736
              0.58200002                    0.0015709987
              0.58399999                    0.0015737106
              0.58600003                    0.0015753323
                   0.588                    0.0015757835
              0.58999997                    0.0015749898
              0.59200001                    0.0015728764
              0.59399998                    0.0015693738
              0.59600002                    0.0015644174
              0.59799999                    0.0015579397
              0.60000002                    0.0015498858
                   0.602                    0.0015401969
              0.60399997                    0.0015288261
              0.60600001                    0.0015157247
              0.60799998                    0.0015008514
              0.61000001                    0.0014841673
              0.61199999                     0.001465634
              0.61400002                    0.0014452207
                   0.616                     0.001422894
              0.61799997                    0.0013986268
                    0.62                     0.001372388
              0.62199998                    0.0013441505
              0.62400001                      0.00131388
              0.62599999                    0.0012815451
              0.62800002                    0.0012471117
                    0.63                    0.0012105374
              0.63200003                    0.0011717813
                   0.634                    0.0011307913
              0.63599998                    0.0010875103
              0.63800001                    0.0010418724
              0.63999999                   0.00099380547
              0.64200002                   0.00094322633
              0.64399999                   0.00089004909
              0.64600003                    0.0008341684
                   0.648                   0.00077546976
              0.64999998                   0.00071383885
              0.65200001                   0.00064913253
              0.65399998                   0.00058122142
              0.65600002                   0.00050993817
              0.65799999                   0.00043512997
              0.66000003                   0.00035661721
                   0.662                   0.00027421967
              0.66399997                   0.00018774305
              0.66600001                   9.6996089e-05
              0.66799998                   1.7623166e-06
              0.67000002                  -9.8159369e-05
              0.67199999                  -0.00020298875
              0.67400002                  -0.00031294959
                   0.676                  -0.00042826252
              0.67799997                  -0.00054914673
              0.68000001                  -0.00067583594
              0.68199998                  -0.00080854807
              0.68400002                  -0.00094750687
              0.68599999                   -0.0010929315
              0.68800002                   -0.0012450384
                    0.69                   -0.0014040372
              0.69199997                   -0.0015701333
              0.69400001                   -0.0017435231
              0.69599998                   -0.0019244001
              0.69800001                    -0.002112943
              0.69999999                   -0.0023093263
              0.70200002                   -0.0025137202
                   0.704                   -0.0027262724
              0.70599997                   -0.0029471335
                   0.708                   -0.0031764391
              0.70999998                   -0.0034143212
              0.71200001                   -0.0036608924
              0.71399999                   -0.0039162626
              0.71600002                   -0.0041805278
              0.71799999                   -0.0044537862
              0.72000003                   -0.0047361185
                   0.722                   -0.0050275931
              0.72399998                   -0.0053282841
              0.72600001                   -0.0056382478
              0.72799999                   -0.0059575438
              0.73000002                   -0.0062862108
              0.73199999                    -0.006624293
              0.73400003                   -0.0069718407
                   0.736                   -0.0073288754
              0.73799998                   -0.0076954165
              0.74000001                   -0.0080715064
              0.74199998                   -0.0084571447
              0.74400002                   -0.0088523505
              0.74599999                   -0.0092571443
              0.74800003                   -0.0096715121
                    0.75                     -0.01009547
              0.75199997                    -0.010528997
              0.75400001                    -0.010972082
              0.75599998                    -0.011424703
              0.75800002                    -0.011886834
              0.75999999                    -0.012358421
              0.76200002                    -0.012839424
                   0.764                    -0.013329765
              0.76599997                     -0.01382937
              0.76800001                    -0.014338131
              0.76999998                     -0.01485593
              0.77200001                    -0.015382625
              0.77399999                    -0.015918052
              0.77600002                    -0.016462009
                   0.778                    -0.017014273
              0.77999997                    -0.017574588
              0.78200001                    -0.018142648
              0.78399998                    -0.018718122
              0.78600001                    -0.019300615
              0.78799999                    -0.019889703
              0.79000002                    -0.020484889
                   0.792                    -0.021085633
              0.79400003                    -0.021691328
                   0.796                    -0.022301296
              0.79799998                    -0.022914801
              0.80000001                    -0.023531012
              0.80199999                    -0.024149034
              0.80400002                    -0.024767881
              0.80599999                    -0.025386479
              0.80800003                    -0.026003659
                    0.81                    -0.026618151
              0.81199998                     -0.02722859
              0.81400001                    -0.027833503
              0.81599998                    -0.028431308
              0.81800002                    -0.029020311
              0.81999999                    -0.029598709
              0.82200003                    -0.030164571
                   0.824                    -0.030715864
              0.82599998                    -0.031250428
              0.82800001                     -0.03176599
              0.82999998                    -0.032260165
              0.83200002                    -0.032730445
              0.83399999                    -0.033174209
              0.83600003                     -0.03358876
                   0.838                    -0.033971246
              0.83999997                    -0.034318764
              0.84200001                    -0.034628332
              0.84399998                    -0.034896843
              0.84600002                    -0.035121165
              0.84799999                    -0.035298083
              0.85000002                    -0.035424355
                   0.852                    -0.035496719
              0.85399997                    -0.035511855
              0.85600001                    -0.035466548
              0.85799998                    -0.035357457
              0.86000001                    -0.035181396
              0.86199999                    -0.034935225
              0.86400002                    -0.034615848
                   0.866                    -0.034220286
              0.86799997                     -0.03374571
                    0.87                    -0.033189401
              0.87199998                    -0.032548867
              0.87400001                    -0.031821776
              0.87599999                    -0.031005999
              0.87800002                    -0.030099761
                    0.88                    -0.029101351
              0.88200003                    -0.028009569
                   0.884                    -0.026823414
              0.88599998                    -0.025542187
              0.88800001                    -0.024165723
              0.88999999                    -0.022693899
              0.89200002                    -0.021127282
              0.89399999                    -0.019466802
              0.89600003                     -0.01771364
                   0.898                    -0.015869481
              0.89999998                    -0.013936551
              0.90200001                    -0.011917332
              0.90399998                   -0.0098148482
              0.90600002                   -0.0076324879
              0.90799999                   -0.0053741806
              0.91000003                   -0.0030442157
                   0.912                  -0.00064716215
              0.91399997                    0.0018116514
              0.91600001                    0.0043270155
              0.91799998                    0.0068928683
              0.92000002                    0.0095031261
              0.92199999                     0.012151278
              0.92400002                     0.014830589
                   0.926                     0.017534023
              0.92799997                     0.020254327
              0.93000001                     0.022984063
              0.93199998                     0.025715655
              0.93400002                     0.028441554
              0.93599999                     0.031153824
              0.93800002                     0.033844836
                    0.94                     0.036506776
              0.94199997                     0.039132014
              0.94400001                     0.041712858
              0.94599998                     0.044241987
              0.94800001                     0.046712101
              0.94999999                      0.04911609
              0.95200002                     0.051447324
                   0.954                     0.053699154
              0.95599997                     0.055865616
                   0.958                     0.057940912
              0.95999998                     0.059919573
              0.96200001                     0.061796725
              0.96399999                     0.063567795
              0.96600002                     0.065228797
              0.96799999                      0.06677606
              0.97000003                     0.068206593
                   0.972                     0.069517791
              0.97399998                     0.070707634
              0.97600001                     0.071774423
              0.97799999                     0.072717175
              0.98000002                     0.073535316
              0.98199999                     0.074228734
              0.98400003                     0.074797854
                   0.986                     0.075243488
              0.98799998                     0.075566933
              0.99000001                     0.075769894
              0.99199998                     0.075854443
              0.99400002                     0.075823061
              0.99599999                     0.075678505
              0.99800003                     0.075423881
                       1                     0.075062551
                   1.002                     0.074598126
               1.0039999                     0.074034408
                   1.006                     0.073375382
                   1.008                     0.072625205
                    1.01                      0.07178808
                   1.012                     0.070868343
               1.0140001                      0.06987033
                   1.016                     0.068798482
                   1.018                     0.067657128
                    1.02                     0.066450618
                   1.022                     0.065183267
                   1.024                     0.063859224
                   1.026                     0.062482629
                   1.028                     0.061057512
                    1.03                     0.059587687
               1.0319999                     0.058076899
                   1.034                     0.056528769
                   1.036                     0.054946724
                   1.038                      0.05333399
                    1.04                     0.051693793
               1.0420001                     0.050029017
                   1.044                     0.048342582
                   1.046                     0.046637028
                   1.048                     0.044915047
                    1.05                     0.043178856
                   1.052                     0.041430857
                   1.054                     0.039673213
                   1.056                     0.037907939
                   1.058                     0.036137007
               1.0599999                     0.034362327
                   1.062                     0.032585736
                   1.064                     0.030808952
                   1.066                     0.029033804
                   1.068                     0.027261823
               1.0700001                     0.025494741
                   1.072                     0.023734247
                   1.074                     0.021981979
                   1.076                     0.020239368
               1.0779999                     0.018508209
                    1.08                     0.016790021
                   1.082                     0.015086524
                   1.084                     0.013399232
                   1.086                     0.011729845
               1.0880001                     0.010079858
                    1.09                    0.0084510017
                   1.092                    0.0068448498
                   1.094                    0.0052628717
                   1.096                    0.0037066981
                   1.098                      0.00217779
                     1.1                   0.00067769934
                   1.102                  -0.00079225795
                   1.104                   -0.0022307399
               1.1059999                   -0.0036364412
                   1.108                    -0.005008203
                    1.11                   -0.0063449168
                   1.112                   -0.0076455795
                   1.114                   -0.0089093503
               1.1160001                     -0.01013545
                   1.118                    -0.011323267
                    1.12                     -0.01247221
                   1.122                    -0.013582002
                   1.124                    -0.014652338
                   1.126                    -0.015683169
                   1.128                    -0.016674474
                    1.13                    -0.017626466
                   1.132                    -0.018539425
               1.1339999                    -0.019413767
                   1.136                    -0.020250045
                   1.138                     -0.02104893
                    1.14                    -0.021811202
                   1.142                    -0.022537708
               1.1440001                    -0.023229424
                   1.146                     -0.02388736
                   1.148                    -0.024512602
                    1.15                    -0.025106352
                   1.152                    -0.025669714
                   1.154                    -0.026203968
                   1.156                    -0.026710268
                   1.158                    -0.027189922
                    1.16                    -0.027644122
               1.1619999                    -0.028074024
                   1.164                    -0.028480774
                   1.166                    -0.028865544
                   1.168                    -0.029229382
                    1.17                    -0.029573305
               1.1720001                    -0.029898224
                   1.174                    -0.030204995
                   1.176                    -0.030494457
                   1.178                    -0.030767322
               1.1799999                    -0.031024165
                   1.182                    -0.031265575
                   1.184                    -0.031492051
                   1.186                    -0.031703979
                   1.188                     -0.03190165
               1.1900001                    -0.032085348
                   1.192                    -0.032255247
                   1.194                    -0.032411512
                   1.196                     -0.03255422
                   1.198                    -0.032683406
                     1.2                     -0.03279911
                   1.202                    -0.032901309
                   1.204                    -0.032989986
                   1.206                    -0.033065099
               1.2079999                    -0.033126615
                    1.21                    -0.033174511
                   1.212                    -0.033208787
                   1.214                    -0.033229481
                   1.216                      -0.0332366
               1.2180001                     -0.03323026
                    1.22                    -0.033210561
                   1.222                      -0.0331777
                   1.224                    -0.033131856
                   1.226                    -0.033073314
                   1.228                    -0.033002373
                    1.23                    -0.032919396
                   1.232                     -0.03282477
                   1.234                    -0.032718956
               1.2359999                    -0.032602426
                   1.238                    -0.032475706
                    1.24                    -0.032339353
                   1.242                     -0.03219394
                   1.244                    -0.032040063
               1.2460001                    -0.031878322
                   1.248                    -0.031709332
                    1.25                    -0.031533703
                   1.252                    -0.031352028
               1.2539999                    -0.031164898
                   1.256                    -0.030972866
                   1.258                    -0.030776463
                    1.26                    -0.030576183
                   1.262                    -0.030372471
               1.2640001                    -0.030165736
                   1.266                    -0.029956333
                   1.268                    -0.029744556
                    1.27                    -0.029530652
                   1.272                    -0.029314807
                   1.274                    -0.029097145
                   1.276                    -0.028877741
                   1.278                    -0.028656591
                    1.28                    -0.028433662
               1.2819999                    -0.028208865
                   1.284                    -0.027982038
                   1.286                    -0.027753014
                   1.288                    -0.027521543
                    1.29                    -0.027287394
               1.2920001                    -0.027050257
                   1.294                    -0.026809843
                   1.296                    -0.026565831
                   1.298                    -0.026317893
                     1.3                    -0.026065707
                   1.302                    -0.025808949
                   1.304                    -0.025547327
                   1.306                    -0.025280543
                   1.308                     -0.02500836
               1.3099999                    -0.024730537
                   1.312                    -0.024446901
                   1.314                    -0.024157275
                   1.316                    -0.023861591
                   1.318                     -0.02355977
               1.3200001                      -0.0232518
                   1.322                    -0.022937704
                   1.324                     -0.02261758
                   1.326                    -0.022291578
               1.3279999                    -0.021959895
                    1.33                    -0.021622689
                   1.332                    -0.021280307
                   1.334                    -0.020933026
                   1.336                    -0.020581134
               1.3380001                    -0.020225085
                    1.34                    -0.019865237
                   1.342                    -0.019501986
                   1.344                    -0.019135755
                   1.346                    -0.018767022
                   1.348                    -0.018396199
                    1.35                    -0.018023718
                   1.352                    -0.017650012
                   1.354                    -0.017275454
               1.3559999                     -0.01690048
                   1.358                    -0.016525397
                    1.36                    -0.016150603
                   1.362                    -0.015776349
                   1.364                    -0.015402948
               1.3660001                    -0.015030655
                   1.368                    -0.014659614
                    1.37                        -0.01429
                   1.372                    -0.013921934
                   1.374                    -0.013555527
                   1.376                    -0.013190773
                   1.378                    -0.012827683
                    1.38                    -0.012466306
                   1.382                    -0.012106466
               1.3839999                    -0.011748211
                   1.386                    -0.011391332
                   1.388                    -0.011035737
                    1.39                    -0.010681261
                   1.392                    -0.010327789
               1.3940001                   -0.0099751512
                   1.396                   -0.0096231326
                   1.398                   -0.0092716468
                     1.4                   -0.0089205103
                   1.402                   -0.0085695712
                   1.404                   -0.0082186619
                   1.406                     -0.00786776
                   1.408                   -0.0075166617
                    1.41                   -0.0071654161
               1.4119999                   -0.0068138549
                   1.414                   -0.0064620436
                   1.416                    -0.006109999
                   1.418                    -0.005757703
                    1.42                   -0.0054052561
               1.4220001                   -0.0050527682
                   1.424                   -0.0047003198
                   1.426                   -0.0043480848
                   1.428                   -0.0039962269
               1.4299999                   -0.0036450024
                   1.432                   -0.0032944891
                   1.434                   -0.0029450613
                   1.436                   -0.0025968307
                   1.438                   -0.0022501396
               1.4400001                   -0.0019051881
                   1.442                   -0.0015622595
                   1.444                   -0.0012215743
                   1.446                  -0.00088345195
                   1.448                  -0.00054810575
                    1.45                  -0.00021574264
                   1.452                   0.00011339683
                   1.454                   0.00043908105
                   1.456                   0.00076120882
               1.4579999                    0.0010794884
                    1.46                    0.0013938999
                   1.462                    0.0017042544
                   1.464                    0.0020104747
                   1.466                    0.0023124942
               1.4680001                    0.0026102581
                    1.47                    0.0029037416
                   1.472                    0.0031929684
                   1.474                    0.0034778956
                   1.476                    0.0037586407
                   1.478                    0.0040352708
                    1.48                     0.004307765
                   1.482                    0.0045763343
                   1.484                    0.0048410208
               1.4859999                    0.0051019662
                   1.488                    0.0053592743
                    1.49                    0.0056130481
                   1.492                    0.0058635185
                   1.494                    0.0061107306
               1.4960001                     0.006354888
                   1.498                     0.006596067
                     1.5                    0.0068344427
                   1.502                    0.0070700799
               1.5039999                    0.0073031425
                   1.506                    0.0075336834
                   1.508                     0.007761783
                    1.51                     0.007987584
                   1.512                    0.0082111182
               1.5140001                    0.0084323809
                   1.516                    0.0086515266
                   1.518                    0.0088685043
                    1.52                    0.0090833558
                   1.522                    0.0092960885
                   1.524                    0.0095066708
                   1.526                    0.0097151631
                   1.528                    0.0099214371
                    1.53                     0.010125516
               1.5319999                      0.01032742
                   1.534                      0.01052699
                   1.536                     0.010724274
                   1.538                     0.010919203
                    1.54                     0.011111708
               1.5420001                     0.011301725
                   1.544                     0.011489249
                   1.546                     0.011674189
                   1.548                     0.011856571
                    1.55                     0.012036256
                   1.552                     0.012213276
                   1.554                     0.012387581
                   1.556                     0.012559102
                   1.558                      0.01272787
               1.5599999                     0.012893797
                   1.562                     0.013056923
                   1.564                     0.013217211
                   1.566                     0.013374651
                   1.568                     0.013529215
               1.5700001                     0.013680895
                   1.572                     0.013829708
                   1.574                     0.013975648
                   1.576                     0.014118688
               1.5779999                     0.014258843
                    1.58                     0.014396107
                   1.582                     0.014530491
                   1.584                     0.014661967
                   1.586                     0.014790543
               1.5880001                     0.014916188
                    1.59                     0.015038952
                   1.592                     0.015158758
                   1.594                     0.015275651
                   1.596                     0.015389577
                   1.598                     0.015500557
                     1.6                     0.015608556
                   1.602                     0.015713543
                   1.604                      0.01581555
               1.6059999                     0.015914513
                   1.608                     0.016010463
                    1.61                     0.016103359
                   1.612                     0.016193174
                   1.614                     0.016279938
               1.6160001                     0.016363604
                   1.618                     0.016444176
                    1.62                     0.016521666
                   1.622                      0.01659606
                   1.624                     0.016667349
                   1.626                     0.016735554
                   1.628                     0.016800663
                    1.63                     0.016862668
                   1.632                     0.016921617
               1.6339999                     0.016977482
                   1.636                     0.017030301
                   1.638                     0.017080052
                    1.64                     0.017126765
                   1.642                     0.017170435
               1.6440001                      0.01721107
                   1.646                     0.017248662
                   1.648                     0.017283227
                    1.65                     0.017314726
                   1.652                     0.017343171
                   1.654                     0.017368523
                   1.656                     0.017390776
                   1.658                     0.017409882
                    1.66                     0.017425798
               1.6619999                     0.017438488
                   1.664                     0.017447889
                   1.666                     0.017453942
                   1.668                     0.017456576
                    1.67                     0.017455718
               1.6720001                     0.017451284
                   1.674                     0.017443191
                   1.676                     0.017431347
                   1.678                      0.01741566
               1.6799999                     0.017396038
                   1.682                     0.017372381
                   1.684                     0.017344605
                   1.686                     0.017312612
                   1.688                     0.017276321
               1.6900001                     0.017235644
                   1.692                     0.017190512
                   1.694                     0.017140863
                   1.696                     0.017086638
                   1.698                     0.017027803
                     1.7                     0.016964307
                   1.702                     0.016896155
                   1.704                     0.016823323
                   1.706                     0.016745839
               1.7079999                     0.016663719
                    1.71                     0.016576998
                   1.712                     0.016485749
                   1.714                     0.016390027
                   1.716                     0.016289925
               1.7180001                     0.016185546
                    1.72                     0.016076975
                   1.722                     0.015964353
                   1.724                     0.015847811
                   1.726                     0.015727466
                   1.728                     0.015603489
                    1.73                     0.015476011
                   1.732                     0.015345177
                   1.734                     0.015211154
               1.7359999                     0.015074064
                   1.738                     0.014934074
                    1.74                     0.014791311
                   1.742                     0.014645901
                   1.744                      0.01449796
               1.7460001                     0.014347593
                   1.748                     0.014194915
                    1.75                     0.014039998
                   1.752                     0.013882906
               1.7539999                     0.013723725
                   1.756                     0.013562419
                   1.758                     0.013399092
                    1.76                     0.013233701
                   1.762                     0.013066228
               1.7640001                     0.012896706
                   1.766                     0.012725051
                   1.768                     0.012551272
                    1.77                     0.012375266
                   1.772                     0.012196979
                   1.774                     0.012016374
                   1.776                     0.011833359
                   1.778                     0.011647862
                    1.78                     0.011459807
               1.7819999                     0.011269159
                   1.784                     0.011075812
                   1.786                     0.010879732
                   1.788                     0.010680912
                    1.79                     0.010479252
               1.7920001                     0.010274775
                   1.794                     0.010067495
                   1.796                    0.0098573714
                   1.798                     0.009644486
                     1.8                    0.0094288457
                   1.802                    0.0092105484
                   1.804                    0.0089896498
                   1.806                    0.0087662973
                   1.808                    0.0085405959
               1.8099999                    0.0083126603
                   1.812                    0.0080826469
                   1.814                    0.0078506898
                   1.816                    0.0076170764
                   1.818                    0.0073818476
               1.8200001                    0.0071453052
                   1.822                    0.0069076489
                   1.824                    0.0066689923
                   1.826                    0.0064295982
               1.8279999                    0.0061896755
                    1.83                    0.0059494022
                   1.832                    0.0057089287
                   1.834                    0.0054684905
                   1.836                    0.0052282033
               1.8380001                    0.0049882676
                    1.84                    0.0047487272
                   1.842                    0.0045098313
                   1.844                    0.0042715832
                   1.846                    0.0040340363
                   1.848                    0.0037973274
                    1.85                    0.0035614651
                   1.852                    0.0033264488
                   1.854                    0.0030922999
               1.8559999                    0.0028590017
                   1.858                    0.0026265003
                    1.86                    0.0023947337
                   1.862                    0.0021636952
                   1.864                    0.0019332494
               1.8660001                    0.0017033183
                   1.868                    0.0014738501
                    1.87                    0.0012446987
                   1.872                    0.0010157774
                   1.874                   0.00078699895
                   1.876                   0.00055824564
                   1.878                   0.00032946246
                    1.88                   0.00010056606
                   1.882                  -0.00012858443
               1.8839999                  -0.00035797333
                   1.886                  -0.00058764103
                   1.888                  -0.00081765314
                    1.89                    -0.001048008
                   1.892                   -0.0012786977
               1.8940001                   -0.0015096786
                   1.896                   -0.0017409293
                   1.898                   -0.0019723927
                     1.9                   -0.0022039758
                   1.902                   -0.0024355799
                   1.904                   -0.0026671004
                   1.906                   -0.0028984605
                   1.908                   -0.0031294292
                    1.91                   -0.0033598638
               1.9119999                   -0.0035896797
                   1.914                   -0.0038187038
                   1.916                   -0.0040467344
                   1.918                   -0.0042736018
                    1.92                   -0.0044991411
               1.9220001                   -0.0047232499
                   1.924                    -0.004945715
                   1.926                    -0.005166389
                   1.928                   -0.0053851614
               1.9299999                    -0.005601957
                   1.932                   -0.0058165696
                   1.934                   -0.0060289693
                   1.936                   -0.0062391362
                   1.938                   -0.0064468938
               1.9400001                   -0.0066522947
                   1.942                   -0.0068553165
                   1.944                   -0.0070559182
                   1.946                   -0.0072540944
                   1.948                   -0.0074499771
                    1.95                   -0.0076435423
                   1.952                   -0.0078348257
                   1.954                   -0.0080239661
                   1.956                   -0.0082110008
               1.9579999                   -0.0083960155
                    1.96                   -0.0085791219
                   1.962                   -0.0087604243
                   1.964                   -0.0089399973
                   1.966                   -0.0091179116
               1.9680001                   -0.0092942752
                    1.97                   -0.0094691887
                   1.972                   -0.0096426941
                   1.974                   -0.0098148715
                   1.976                   -0.0099857626
                   1.978                    -0.010155357
                    1.98                    -0.010323699
                   1.982                    -0.010490817
                   1.984                    -0.010656665
               1.9859999                     -0.01082121
                   1.988                    -0.010984405
                    1.99                    -0.011146172
                   1.992                    -0.011306449
                   1.994                    -0.011465125
               1.9960001                    -0.011622082
                   1.998                    -0.011777217
                       2                    -0.011930408

