        Frequency / GHz                S1,2/real
----------------------------------------------------------------------
                       0                  -1.7637429e-05
            0.0020000001                  -1.7449107e-05
            0.0040000002                  -1.6888056e-05
            0.0060000001                  -1.5965968e-05
            0.0080000004                  -1.4702043e-05
            0.0099999998                  -1.3122606e-05
                   0.012                   -1.126054e-05
                   0.014                  -9.1545944e-06
             0.016000001                  -6.8486502e-06
             0.017999999                  -4.3906953e-06
                    0.02                  -1.8318518e-06
                   0.022                   7.7458014e-07
                   0.024                   3.3744482e-06
             0.026000001                   5.9135882e-06
             0.028000001                   8.3392842e-06
             0.029999999                   1.0601122e-05
             0.032000002                   1.2652138e-05
             0.034000002                    1.444978e-05
             0.035999998                   1.5956777e-05
             0.037999999                   1.7141949e-05
             0.039999999                   1.7980827e-05
             0.041999999                   1.8456216e-05
                   0.044                   1.8558494e-05
                   0.046                     1.82858e-05
                   0.048                   1.7644068e-05
             0.050000001                   1.6646985e-05
             0.052000001                   1.5315632e-05
             0.054000001                   1.3677926e-05
             0.056000002                   1.1768309e-05
             0.057999998                   9.6266358e-06
             0.059999999                   7.2978232e-06
             0.061999999                   4.8303023e-06
             0.064000003                   2.2755644e-06
                   0.066                  -3.1331038e-07
             0.068000004                  -2.8826664e-06
                    0.07                  -5.3793142e-06
             0.071999997                  -7.7517971e-06
             0.074000001                  -9.9515182e-06
             0.075999998                  -1.1933465e-05
             0.078000002                  -1.3657657e-05
             0.079999998                  -1.5089607e-05
             0.082000002                   -1.620126e-05
             0.083999999                  -1.6971419e-05
             0.086000003                  -1.7386661e-05
                   0.088                  -1.7440872e-05
             0.090000004                  -1.7136275e-05
                   0.092                  -1.6482789e-05
             0.093999997                  -1.5497941e-05
             0.096000001                  -1.4206908e-05
             0.097999997                  -1.2641447e-05
                     0.1                  -1.0839777e-05
                   0.102                  -8.8452853e-06
                   0.104                  -6.7060987e-06
                   0.106                  -4.4740177e-06
                   0.108                   -2.202926e-06
                    0.11                   5.1592789e-08
                   0.112                   2.2335744e-06
                   0.114                   4.2886177e-06
                   0.116                   6.1636583e-06
                   0.118                   7.8093835e-06
                    0.12                   9.1802985e-06
                   0.122                   1.0236249e-05
                   0.124                   1.0943057e-05
                   0.126                    1.127324e-05
              0.12800001                   1.1206574e-05
                    0.13                   1.0730586e-05
                   0.132                   9.8407145e-06
                   0.134                   8.5405436e-06
              0.13600001                   6.8416839e-06
                   0.138                   4.7633412e-06
                    0.14                   2.3323482e-06
                   0.142                  -4.1786618e-07
              0.14399999                  -3.4478619e-06
                   0.146                  -6.7126225e-06
                   0.148                   -1.016307e-05
              0.15000001                  -1.3746791e-05
                   0.152                  -1.7409118e-05
                   0.154                  -2.1094529e-05
                   0.156                  -2.4747564e-05
              0.15800001                  -2.8314076e-05
                    0.16                  -3.1742733e-05
                   0.162                  -3.4985387e-05
                   0.164                  -3.7998834e-05
              0.16599999                  -4.0745421e-05
                   0.168                  -4.3194032e-05
                    0.17                  -4.5320267e-05
              0.17200001                  -4.7108035e-05
              0.17399999                  -4.8548765e-05
                   0.176                  -4.9642167e-05
                   0.178                  -5.0396702e-05
              0.18000001                  -5.0828578e-05
                   0.182                  -5.0962186e-05
                   0.184                  -5.0829163e-05
                   0.186                  -5.0467999e-05
              0.18799999                  -4.9923128e-05
                    0.19                  -4.9244369e-05
                   0.192                   -4.848553e-05
              0.19400001                  -4.7703179e-05
              0.19599999                  -4.6955964e-05
                   0.198                  -4.6303638e-05
                     0.2                  -4.5804351e-05
              0.20200001                   -4.551536e-05
                   0.204                  -4.5490728e-05
                   0.206                  -4.5780052e-05
                   0.208                  -4.6427929e-05
              0.20999999                  -4.7473372e-05
                   0.212                  -4.8947761e-05
                   0.214                  -5.0875369e-05
              0.21600001                  -5.3272139e-05
              0.21799999                   -5.614568e-05
                    0.22                  -5.9495022e-05
                   0.222                  -6.3310465e-05
              0.22400001                  -6.7573819e-05
                   0.226                  -7.2259172e-05
                   0.228                  -7.7332836e-05
                    0.23                  -8.2754137e-05
              0.23199999                  -8.8476831e-05
                   0.234                   -9.444946e-05
                   0.236                  -0.00010061659
              0.23800001                  -0.00010692037
              0.23999999                  -0.00011330083
                   0.242                  -0.00011969842
                   0.244                  -0.00012605415
              0.24600001                  -0.00013231147
                   0.248                  -0.00013841758
                    0.25                  -0.00014432405
                   0.252                  -0.00014998837
              0.25400001                  -0.00015537463
              0.25600001                   -0.0001604546
              0.25799999                  -0.00016520802
              0.25999999                  -0.00016962366
              0.26199999                   -0.0001736986
                   0.264                   -0.0001774397
                   0.266                   -0.0001808626
              0.26800001                  -0.00018399181
              0.27000001                  -0.00018685994
              0.27200001                   -0.0001895077
              0.27399999                  -0.00019198237
              0.27599999                  -0.00019433787
                   0.278                  -0.00019663239
                    0.28                  -0.00019892865
              0.28200001                  -0.00020129142
              0.28400001                  -0.00020378683
              0.28600001                  -0.00020648108
              0.28799999                  -0.00020943859
              0.28999999                  -0.00021272156
                   0.292                  -0.00021638774
                   0.294                  -0.00022048957
                   0.296                  -0.00022507347
              0.29800001                  -0.00023017828
              0.30000001                  -0.00023583464
              0.30199999                  -0.00024206516
              0.30399999                  -0.00024888208
              0.30599999                  -0.00025628932
                   0.308                  -0.00026427963
                    0.31                  -0.00027283799
              0.31200001                  -0.00028193888
              0.31400001                  -0.00029154864
              0.31600001                  -0.00030162596
              0.31799999                  -0.00031212103
              0.31999999                  -0.00032297996
                   0.322                  -0.00033414218
                   0.324                  -0.00034554439
              0.32600001                  -0.00035712018
              0.32800001                  -0.00036880316
              0.33000001                  -0.00038052618
              0.33199999                  -0.00039222516
              0.33399999                  -0.00040383817
                   0.336                  -0.00041530913
                   0.338                  -0.00042658669
                    0.34                  -0.00043762743
              0.34200001                  -0.00044839512
              0.34400001                  -0.00045886287
              0.34599999                  -0.00046901262
              0.34799999                  -0.00047883709
              0.34999999                  -0.00048833858
                   0.352                  -0.00049752963
                   0.354                  -0.00050643308
              0.35600001                   -0.0005150811
              0.35800001                  -0.00052351516
              0.36000001                   -0.0005317849
              0.36199999                   -0.0005399473
              0.36399999                  -0.00054806558
                   0.366                  -0.00055620825
                   0.368                  -0.00056444679
                    0.37                  -0.00057285506
              0.37200001                  -0.00058150868
              0.37400001                  -0.00059048046
              0.37599999                  -0.00059984275
              0.37799999                  -0.00060966279
                    0.38                  -0.00062000321
                   0.382                  -0.00063091994
                   0.384                  -0.00064246147
              0.38600001                  -0.00065466791
              0.38800001                  -0.00066756859
              0.38999999                  -0.00068118452
              0.39199999                  -0.00069552491
              0.39399999                  -0.00071058812
                   0.396                  -0.00072636252
                   0.398                  -0.00074282486
              0.40000001                  -0.00075994327
              0.40200001                   -0.0007776749
              0.40400001                  -0.00079596956
              0.40599999                  -0.00081476889
              0.40799999                  -0.00083400839
                    0.41                  -0.00085361884
                   0.412                  -0.00087352801
                   0.414                  -0.00089366036
              0.41600001                  -0.00091394136
              0.41800001                  -0.00093429722
              0.41999999                  -0.00095465675
              0.42199999                  -0.00097495463
              0.42399999                  -0.00099512923
                   0.426                   -0.0010151278
                   0.428                   -0.0010349053
              0.43000001                   -0.0010544267
              0.43200001                   -0.0010736663
              0.43399999                   -0.0010926097
              0.43599999                   -0.0011112546
              0.43799999                   -0.0011296076
                    0.44                   -0.0011476899
                   0.442                   -0.0011655316
              0.44400001                    -0.001183173
              0.44600001                   -0.0012006653
              0.44800001                   -0.0012180674
              0.44999999                   -0.0012354461
              0.45199999                   -0.0012528739
                   0.454                   -0.0012704276
                   0.456                   -0.0012881887
                   0.458                   -0.0013062371
              0.46000001                   -0.0013246543
              0.46200001                   -0.0013435204
              0.46399999                    -0.001362909
              0.46599999                   -0.0013828913
              0.46799999                   -0.0014035286
                    0.47                    -0.001424876
                   0.472                   -0.0014469784
              0.47400001                   -0.0014698692
              0.47600001                    -0.001493573
              0.47799999                   -0.0015180992
              0.47999999                   -0.0015434487
              0.48199999                   -0.0015696052
                   0.484                   -0.0015965451
                   0.486                   -0.0016242305
              0.48800001                   -0.0016526154
              0.49000001                   -0.0016816382
              0.49200001                   -0.0017112339
              0.49399999                   -0.0017413278
              0.49599999                   -0.0017718395
                   0.498                   -0.0018026852
                     0.5                   -0.0018337785
              0.50199997                   -0.0018650301
              0.50400001                   -0.0018963536
              0.50599998                   -0.0019276686
              0.50800002                   -0.0019588929
              0.50999999                   -0.0019899558
              0.51200002                   -0.0020207926
                   0.514                   -0.0020513495
              0.51599997                    -0.002081583
              0.51800001                   -0.0021114605
              0.51999998                   -0.0021409604
              0.52200001                   -0.0021700766
              0.52399999                   -0.0021988158
              0.52600002                   -0.0022271948
                   0.528                   -0.0022552432
              0.52999997                   -0.0022830039
              0.53200001                   -0.0023105305
              0.53399998                    -0.002337886
              0.53600001                   -0.0023651398
              0.53799999                    -0.002392367
              0.54000002                   -0.0024196494
                   0.542                   -0.0024470685
              0.54400003                   -0.0024747099
                   0.546                   -0.0025026547
              0.54799998                   -0.0025309806
              0.55000001                   -0.0025597559
              0.55199999                   -0.0025890451
              0.55400002                    -0.002618904
              0.55599999                   -0.0026493715
              0.55800003                   -0.0026804737
                    0.56                   -0.0027122293
              0.56199998                   -0.0027446321
              0.56400001                   -0.0027776612
              0.56599998                   -0.0028112866
              0.56800002                    -0.002845454
              0.56999999                   -0.0028800929
              0.57200003                   -0.0029151207
                   0.574                   -0.0029504346
              0.57599998                   -0.0029859263
              0.57800001                   -0.0030214654
              0.57999998                   -0.0030569166
              0.58200002                   -0.0030921372
              0.58399999                   -0.0031269728
              0.58600003                   -0.0031612706
                   0.588                    -0.003194873
              0.58999997                   -0.0032276232
              0.59200001                   -0.0032593736
              0.59399998                   -0.0032899673
              0.59600002                   -0.0033192756
              0.59799999                   -0.0033471636
              0.60000002                   -0.0033735128
                   0.602                    -0.003398224
              0.60399997                   -0.0034212028
              0.60600001                   -0.0034423815
              0.60799998                    -0.003461695
              0.61000001                   -0.0034791077
              0.61199999                   -0.0034945919
              0.61400002                   -0.0035081399
                   0.616                     -0.00351976
              0.61799997                    -0.003529463
                    0.62                   -0.0035372856
              0.62199998                   -0.0035432626
              0.62400001                   -0.0035474412
              0.62599999                   -0.0035498741
              0.62800002                   -0.0035506145
                    0.63                   -0.0035497095
              0.63200003                   -0.0035472019
                   0.634                   -0.0035431376
              0.63599998                   -0.0035375373
              0.63800001                    -0.003530415
              0.63999999                   -0.0035217705
              0.64200002                   -0.0035115748
              0.64399999                   -0.0034997878
              0.64600003                   -0.0034863346
                   0.648                   -0.0034711233
              0.64999998                   -0.0034540265
              0.65200001                   -0.0034349002
              0.65399998                   -0.0034135685
              0.65600002                   -0.0033898156
              0.65799999                   -0.0033634193
              0.66000003                   -0.0033341045
                   0.662                   -0.0033015935
              0.66399997                   -0.0032655785
              0.66600001                    -0.003225734
              0.66799998                   -0.0031817101
              0.67000002                   -0.0031331317
              0.67199999                   -0.0030796439
              0.67400002                   -0.0030208582
                   0.676                   -0.0029563904
              0.67799997                    -0.002885838
              0.68000001                   -0.0028088423
              0.68199998                    -0.002725011
              0.68400002                   -0.0026339672
              0.68599999                   -0.0025353688
              0.68800002                   -0.0024288688
                    0.69                   -0.0023141375
              0.69199997                   -0.0021908614
              0.69400001                   -0.0020587661
              0.69599998                   -0.0019175751
              0.69800001                   -0.0017670492
              0.69999999                   -0.0016069658
              0.70200002                   -0.0014371108
                   0.704                   -0.0012572883
              0.70599997                   -0.0010673199
                   0.708                   -0.0008670658
              0.70999998                  -0.00065634924
              0.71200001                  -0.00043502953
              0.71399999                  -0.00020295428
              0.71600002                   4.0043822e-05
              0.71799999                    0.0002941188
              0.72000003                   0.00055944361
                   0.722                   0.00083623501
              0.72399998                    0.0011246927
              0.72600001                    0.0014250778
              0.72799999                     0.001737684
              0.73000002                    0.0020628422
              0.73199999                    0.0024008988
              0.73400003                    0.0027522899
                   0.736                    0.0031174624
              0.73799998                    0.0034969239
              0.74000001                    0.0038912715
              0.74199998                    0.0043010945
              0.74400002                    0.0047270898
              0.74599999                    0.0051699751
              0.74800003                    0.0056305537
                    0.75                    0.0061096256
              0.75199997                    0.0066080904
              0.75400001                    0.0071268729
              0.75599998                    0.0076669455
              0.75800002                    0.0082292967
              0.75999999                    0.0088149663
              0.76200002                    0.0094250226
                   0.764                     0.010060529
              0.76599997                     0.010722592
              0.76800001                     0.011412277
              0.76999998                      0.01213075
              0.77200001                     0.012879062
              0.77399999                     0.013658339
              0.77600002                     0.014469622
                   0.778                     0.015314002
              0.77999997                     0.016192505
              0.78200001                     0.017106134
              0.78399998                      0.01805591
              0.78600001                     0.019042727
              0.78799999                     0.020067506
              0.79000002                     0.021131134
                   0.792                     0.022234462
              0.79400003                     0.023378298
                   0.796                     0.024563367
              0.79799998                     0.025790427
              0.80000001                     0.027060151
              0.80199999                     0.028373189
              0.80400002                     0.029730178
              0.80599999                     0.031131677
              0.80800003                     0.032578245
                    0.81                     0.034070387
              0.81199998                     0.035608601
              0.81400001                     0.037193287
              0.81599998                     0.038824897
              0.81800002                     0.040503722
              0.81999999                     0.042230099
              0.82200003                     0.044004288
                   0.824                     0.045826469
              0.82599998                     0.047696762
              0.82800001                     0.049615201
              0.82999998                     0.051581711
              0.83200002                     0.053596161
              0.83399999                     0.055658225
              0.83600003                     0.057767466
                   0.838                     0.059923377
              0.83999997                      0.06212512
              0.84200001                     0.064371787
              0.84399998                     0.066662185
              0.84600002                     0.068994902
              0.84799999                     0.071368262
              0.85000002                     0.073780358
                   0.852                     0.076228879
              0.85399997                     0.078711301
              0.85600001                      0.08122468
              0.85799998                     0.083765745
              0.86000001                     0.086330861
              0.86199999                     0.088915937
              0.86400002                     0.091516592
                   0.866                     0.094127938
              0.86799997                     0.096744686
                    0.87                     0.099361181
              0.87199998                      0.10197131
              0.87400001                       0.1045685
              0.87599999                      0.10714586
              0.87800002                      0.10969608
                    0.88                      0.11221146
              0.88200003                      0.11468393
                   0.884                      0.11710516
              0.88599998                      0.11946648
              0.88800001                      0.12175896
              0.88999999                      0.12397348
              0.89200002                      0.12610072
              0.89399999                      0.12813123
              0.89600003                      0.13005549
                   0.898                      0.13186398
              0.89999998                      0.13354713
              0.90200001                      0.13509554
              0.90399998                      0.13649988
              0.90600002                      0.13775107
              0.90799999                       0.1388403
              0.91000003                      0.13975896
                   0.912                        0.140499
              0.91399997                      0.14105271
              0.91600001                      0.14141278
              0.91799998                      0.14157261
              0.92000002                      0.14152606
              0.92199999                      0.14126769
              0.92400002                      0.14079271
                   0.926                      0.14009705
              0.92799997                      0.13917731
              0.93000001                      0.13803105
              0.93199998                      0.13665631
              0.93400002                      0.13505234
              0.93599999                      0.13321881
              0.93800002                       0.1311565
                    0.94                      0.12886675
              0.94199997                      0.12635194
              0.94400001                        0.123615
              0.94599998                      0.12066001
              0.94800001                      0.11749138
              0.94999999                      0.11411442
              0.95200002                      0.11053517
                   0.954                      0.10676013
              0.95599997                      0.10279665
                   0.958                     0.098652534
              0.95999998                     0.094335906
              0.96200001                     0.089855619
              0.96399999                     0.085220657
              0.96600002                     0.080440566
              0.96799999                     0.075525157
              0.97000003                     0.070484363
                   0.972                     0.065328479
              0.97399998                     0.060067602
              0.97600001                     0.054712187
              0.97799999                     0.049272832
              0.98000002                     0.043759704
              0.98199999                     0.038183384
              0.98400003                       0.0325539
                   0.986                     0.026881389
              0.98799998                     0.021175971
              0.99000001                     0.015447089
              0.99199998                    0.0097044781
              0.99400002                    0.0039574155
              0.99599999                   -0.0017852142
              0.99800003                    -0.007514657
                       1                    -0.013222397
                   1.002                    -0.018900352
               1.0039999                    -0.024540793
                   1.006                    -0.030136071
                   1.008                    -0.035679076
                    1.01                    -0.041162971
                   1.012                    -0.046580818
               1.0140001                    -0.051926505
                   1.016                    -0.057193995
                   1.018                    -0.062377516
                    1.02                      -0.0674714
                   1.022                    -0.072470553
                   1.024                    -0.077369817
                   1.026                    -0.082164779
                   1.028                    -0.086850442
                    1.03                    -0.091422871
               1.0319999                    -0.095877901
                   1.034                     -0.10021145
                   1.036                     -0.10442013
                   1.038                     -0.10850038
                    1.04                     -0.11244899
               1.0420001                     -0.11626306
                   1.044                     -0.11993973
                   1.046                     -0.12347648
                   1.048                     -0.12687099
                    1.05                     -0.13012114
                   1.052                     -0.13322507
                   1.054                     -0.13618144
                   1.056                      -0.1389889
                   1.058                     -0.14164618
               1.0599999                     -0.14415276
                   1.062                     -0.14650805
                   1.064                     -0.14871216
                   1.066                      -0.1507649
                   1.068                     -0.15266699
               1.0700001                     -0.15441912
                   1.072                     -0.15602235
                   1.074                     -0.15747811
                   1.076                     -0.15878803
               1.0779999                     -0.15995418
                    1.08                     -0.16097885
                   1.082                     -0.16186458
                   1.084                     -0.16261415
                   1.086                     -0.16323079
               1.0880001                     -0.16371766
                    1.09                     -0.16407849
                   1.092                     -0.16431691
                   1.094                     -0.16443679
                   1.096                     -0.16444229
                   1.098                      -0.1643375
                     1.1                     -0.16412675
                   1.102                     -0.16381434
                   1.104                     -0.16340463
               1.1059999                     -0.16290207
                   1.108                     -0.16231096
                    1.11                     -0.16163565
                   1.112                     -0.16088049
                   1.114                     -0.16004957
               1.1160001                     -0.15914702
                   1.118                     -0.15817676
                    1.12                     -0.15714259
                   1.122                     -0.15604816
                   1.124                     -0.15489694
                   1.126                     -0.15369223
                   1.128                     -0.15243712
                    1.13                     -0.15113452
                   1.132                     -0.14978714
               1.1339999                     -0.14839754
                   1.136                     -0.14696802
                   1.138                     -0.14550081
                    1.14                     -0.14399785
                   1.142                     -0.14246093
               1.1440001                     -0.14089179
                   1.146                     -0.13929205
                   1.148                     -0.13766304
                    1.15                     -0.13600615
                   1.152                     -0.13432267
                   1.154                     -0.13261378
                   1.156                     -0.13088065
                   1.158                     -0.12912434
                    1.16                     -0.12734604
               1.1619999                     -0.12554681
                   1.164                     -0.12372786
                   1.166                     -0.12189027
                   1.168                     -0.12003531
                    1.17                     -0.11816414
               1.1720001                      -0.1162782
                   1.174                     -0.11437882
                   1.176                     -0.11246741
                   1.178                      -0.1105454
               1.1799999                     -0.10861456
                   1.182                     -0.10667636
                   1.184                     -0.10473248
                   1.186                     -0.10278475
                   1.188                      -0.1008349
               1.1900001                     -0.09888459
                   1.192                    -0.096935771
                   1.194                    -0.094990171
                   1.196                    -0.093049616
                   1.198                    -0.091115832
                     1.2                    -0.089190468
                   1.202                    -0.087275185
                   1.204                     -0.08537171
                   1.206                    -0.083481349
               1.2079999                    -0.081605546
                    1.21                    -0.079745479
                   1.212                    -0.077902466
                   1.214                    -0.076077454
                   1.216                     -0.07427121
               1.2180001                    -0.072484657
                    1.22                    -0.070718214
                   1.222                    -0.068972304
                   1.224                     -0.06724748
                   1.226                    -0.065543666
                   1.228                    -0.063860968
                    1.23                    -0.062199209
                   1.232                    -0.060558252
                   1.234                    -0.058937572
               1.2359999                    -0.057336956
                   1.238                    -0.055755742
                    1.24                      -0.0541935
                   1.242                    -0.052649435
                   1.244                    -0.051122781
               1.2460001                    -0.049613066
                   1.248                    -0.048119444
                    1.25                    -0.046641223
                   1.252                    -0.045177776
               1.2539999                    -0.043728292
                   1.256                     -0.04229239
                   1.258                    -0.040869348
                    1.26                    -0.039458964
                   1.262                     -0.03806055
               1.2640001                    -0.036674026
                   1.266                    -0.035299089
                   1.268                    -0.033935625
                    1.27                    -0.032583807
                   1.272                    -0.031243503
                   1.274                    -0.029914865
                   1.276                    -0.028598405
                   1.278                    -0.027294248
                    1.28                    -0.026002886
               1.2819999                    -0.024724737
                   1.284                     -0.02346033
                   1.286                    -0.022210451
                   1.288                    -0.020975405
                    1.29                    -0.019755911
               1.2920001                    -0.018552687
                   1.294                    -0.017366195
                   1.296                    -0.016197136
                   1.298                    -0.015046032
                     1.3                    -0.013913378
                   1.302                    -0.012799574
                   1.304                     -0.01170491
                   1.306                    -0.010629959
                   1.308                   -0.0095747123
               1.3099999                   -0.0085393647
                   1.312                   -0.0075239209
                   1.314                    -0.006528276
                   1.316                   -0.0055522937
                   1.318                   -0.0045958078
               1.3200001                   -0.0036583955
                   1.322                   -0.0027396863
                   1.324                   -0.0018389893
                   1.326                  -0.00095589802
               1.3279999                  -8.9694411e-05
                    1.33                   0.00076034555
                   1.332                    0.0015950216
                   1.334                    0.0024150575
                   1.336                    0.0032213174
               1.3380001                    0.0040145805
                    1.34                     0.004795684
                   1.342                    0.0055653751
                   1.344                    0.0063245208
                   1.346                     0.007073821
                   1.348                    0.0078139501
                    1.35                    0.0085456213
                   1.352                    0.0092694489
                   1.354                    0.0099857384
               1.3559999                     0.010695179
                   1.358                     0.011397948
                    1.36                     0.012094264
                   1.362                     0.012784518
                   1.364                     0.013468675
               1.3660001                     0.014146807
                   1.368                     0.014818835
                    1.37                     0.015484599
                   1.372                     0.016143991
                   1.374                     0.016796699
                   1.376                     0.017442403
                   1.378                      0.01808086
                    1.38                     0.018711627
                   1.382                     0.019334277
               1.3839999                     0.019948456
                   1.386                     0.020553652
                   1.388                     0.021149669
                    1.39                     0.021735854
                   1.392                      0.02231195
               1.3940001                     0.022877662
                   1.396                     0.023432672
                   1.398                     0.023976693
                     1.4                     0.024509592
                   1.402                     0.025031151
                   1.404                      0.02554136
                   1.406                     0.026040236
                   1.408                     0.026527818
                    1.41                     0.027004071
               1.4119999                     0.027469357
                   1.414                     0.027923906
                   1.416                     0.028367829
                   1.418                     0.028801592
                    1.42                     0.029225595
               1.4220001                     0.029640134
                   1.424                     0.030045716
                   1.426                     0.030442819
                   1.428                      0.03083192
               1.4299999                      0.03121342
                   1.432                     0.031587891
                   1.434                     0.031955741
                   1.436                     0.032317378
                   1.438                     0.032673292
               1.4400001                     0.033023834
                   1.442                     0.033369362
                   1.444                     0.033710212
                   1.446                     0.034046575
                   1.448                     0.034378763
                    1.45                     0.034706809
                   1.452                     0.035030954
                   1.454                     0.035351135
                   1.456                     0.035667446
               1.4579999                     0.035979826
                    1.46                     0.036288191
                   1.462                     0.036592368
                   1.464                     0.036892261
                   1.466                     0.037187632
               1.4680001                     0.037478335
                    1.47                      0.03776402
                   1.472                     0.038044505
                   1.474                     0.038319513
                   1.476                      0.03858874
                   1.478                     0.038852047
                    1.48                      0.03910907
                   1.482                     0.039359678
                   1.484                     0.039603557
               1.4859999                     0.039840642
                   1.488                      0.04007075
                    1.49                     0.040293701
                   1.492                     0.040509541
                   1.494                     0.040718146
               1.4960001                     0.040919531
                   1.498                     0.041113749
                     1.5                     0.041300867
                   1.502                     0.041480947
               1.5039999                     0.041654155
                   1.506                     0.041820675
                   1.508                     0.041980658
                    1.51                     0.042134341
                   1.512                     0.042281903
               1.5140001                     0.042423632
                   1.516                     0.042559694
                   1.518                     0.042690393
                    1.52                     0.042815939
                   1.522                     0.042936545
                   1.524                      0.04305242
                   1.526                     0.043163713
                   1.528                     0.043270648
                    1.53                     0.043373372
               1.5319999                     0.043471944
                   1.534                     0.043566488
                   1.536                     0.043657031
                   1.538                     0.043743618
                    1.54                     0.043826256
               1.5420001                      0.04390483
                   1.544                     0.043979395
                   1.546                     0.044049785
                   1.548                     0.044115927
                    1.55                     0.044177674
                   1.552                     0.044234898
                   1.554                     0.044287443
                   1.556                     0.044335194
                   1.558                     0.044377957
               1.5599999                     0.044415589
                   1.562                     0.044447973
                   1.564                     0.044474967
                   1.566                     0.044496447
                   1.568                     0.044512354
               1.5700001                     0.044522583
                   1.572                     0.044527143
                   1.574                        0.044526
                   1.576                      0.04451916
               1.5779999                     0.044506706
                    1.58                     0.044488687
                   1.582                     0.044465225
                   1.584                     0.044436462
                   1.586                      0.04440254
               1.5880001                     0.044363651
                    1.59                     0.044320002
                   1.592                     0.044271797
                   1.594                       0.0442193
                   1.596                     0.044162702
                   1.598                     0.044102263
                     1.6                     0.044038218
                   1.602                     0.043970782
                   1.604                     0.043900184
               1.6059999                     0.043826606
                   1.608                     0.043750226
                    1.61                     0.043671198
                   1.612                     0.043589652
                   1.614                     0.043505672
               1.6160001                     0.043419316
                   1.618                      0.04333061
                    1.62                     0.043239541
                   1.622                     0.043146081
                   1.624                     0.043050144
                   1.626                     0.042951625
                   1.628                      0.04285039
                    1.63                     0.042746276
                   1.632                     0.042639107
               1.6339999                     0.042528674
                   1.636                     0.042414777
                   1.638                     0.042297184
                    1.64                     0.042175684
                   1.642                      0.04205006
               1.6440001                     0.041920099
                   1.646                     0.041785609
                   1.648                     0.041646417
                    1.65                     0.041502371
                   1.652                     0.041353356
                   1.654                     0.041199286
                   1.656                     0.041040111
                   1.658                     0.040875815
                    1.66                     0.040706433
               1.6619999                     0.040532041
                   1.664                     0.040352751
                   1.666                     0.040168714
                   1.668                     0.039980132
                    1.67                     0.039787248
               1.6720001                     0.039590299
                   1.674                     0.039389618
                   1.676                     0.039185494
                   1.678                      0.03897832
               1.6799999                       0.0387684
                   1.682                      0.03855614
                   1.684                     0.038341891
                   1.686                      0.03812604
                   1.688                     0.037908927
               1.6900001                     0.037690904
                   1.692                     0.037472263
                   1.694                     0.037253331
                   1.696                     0.037034325
                   1.698                     0.036815498
                     1.7                     0.036596976
                   1.702                     0.036378942
                   1.704                     0.036161445
                   1.706                     0.035944529
               1.7079999                     0.035728183
                    1.71                     0.035512332
                   1.712                      0.03529688
                   1.714                     0.035081666
                   1.716                     0.034866493
               1.7180001                      0.03465116
                    1.72                     0.034435343
                   1.722                      0.03421881
                   1.724                     0.034001254
                   1.726                     0.033782311
                   1.728                     0.033561703
                    1.73                     0.033339083
                   1.732                     0.033114139
                   1.734                     0.032886587
               1.7359999                     0.032656133
                   1.738                      0.03242255
                    1.74                     0.032185595
                   1.742                     0.031945132
                   1.744                     0.031701013
               1.7460001                     0.031453185
                   1.748                     0.031201597
                    1.75                     0.030946288
                   1.752                     0.030687341
               1.7539999                     0.030424867
                   1.756                     0.030159088
                   1.758                     0.029890222
                    1.76                     0.029618531
                   1.762                     0.029344363
               1.7640001                     0.029068071
                   1.766                     0.028790047
                   1.768                      0.02851069
                    1.77                     0.028230451
                   1.772                     0.027949752
                   1.774                     0.027669052
                   1.776                     0.027388779
                   1.778                     0.027109347
                    1.78                     0.026831156
               1.7819999                     0.026554549
                   1.784                     0.026279926
                   1.786                     0.026007548
                   1.788                     0.025737658
                    1.79                     0.025470423
               1.7920001                     0.025206054
                   1.794                      0.02494459
                   1.796                      0.02468604
                   1.798                     0.024430435
                     1.8                     0.024177622
                   1.802                     0.023927491
                   1.804                     0.023679849
                   1.806                     0.023434464
                   1.808                      0.02319102
               1.8099999                     0.022949187
                   1.812                     0.022708679
                   1.814                     0.022469051
                   1.816                     0.022229934
                   1.818                      0.02199096
               1.8200001                     0.021751689
                   1.822                     0.021511756
                   1.824                     0.021270763
                   1.826                     0.021028407
               1.8279999                     0.020784352
                    1.83                     0.020538324
                   1.832                     0.020290069
                   1.834                     0.020039445
                   1.836                     0.019786296
               1.8380001                     0.019530529
                    1.84                     0.019272147
                   1.842                     0.019011203
                   1.844                     0.018747766
                   1.846                     0.018482018
                   1.848                     0.018214142
                    1.85                     0.017944394
                   1.852                     0.017673064
                   1.854                     0.017400524
               1.8559999                     0.017127125
                   1.858                     0.016853271
                    1.86                     0.016579345
                   1.862                     0.016305801
                   1.864                     0.016033053
               1.8660001                     0.015761519
                   1.868                     0.015491615
                    1.87                     0.015223675
                   1.872                     0.014958081
                   1.874                     0.014695159
                   1.876                     0.014435167
                   1.878                     0.014178299
                    1.88                     0.013924764
                   1.882                     0.013674633
               1.8839999                      0.01342801
                   1.886                     0.013184883
                   1.888                     0.012945145
                    1.89                     0.012708741
                   1.892                     0.012475492
               1.8940001                     0.012245129
                   1.896                     0.012017427
                   1.898                     0.011792092
                     1.9                     0.011568732
                   1.902                     0.011347033
                   1.904                     0.011126613
                   1.906                     0.010907024
                   1.908                     0.010687897
                    1.91                     0.010468877
               1.9119999                     0.010249549
                   1.914                     0.010029539
                   1.916                    0.0098085217
                   1.918                    0.0095862625
                    1.92                    0.0093624853
               1.9220001                    0.0091369422
                   1.924                    0.0089095393
                   1.926                    0.0086801732
                   1.928                    0.0084487507
               1.9299999                     0.008215392
                   1.932                    0.0079800868
                   1.934                    0.0077430164
                   1.936                    0.0075043524
                   1.938                    0.0072643408
               1.9400001                    0.0070232889
                   1.942                    0.0067814519
                   1.944                    0.0065392707
                   1.946                    0.0062970798
                   1.948                    0.0060553206
                    1.95                    0.0058143968
                   1.952                    0.0055746948
                   1.954                    0.0053366525
                   1.956                    0.0051006614
               1.9579999                    0.0048671113
                    1.96                    0.0046363152
                   1.962                    0.0044086277
                   1.964                    0.0041843005
                   1.966                    0.0039635487
               1.9680001                    0.0037465072
                    1.97                    0.0035333689
                   1.972                       0.0033241
                   1.974                     0.003118773
                   1.976                    0.0029172583
                   1.978                    0.0027195087
                    1.98                    0.0025252781
                   1.982                    0.0023343801
                   1.984                    0.0021465735
               1.9859999                    0.0019615148
                   1.988                    0.0017788564
                    1.99                    0.0015982451
                   1.992                    0.0014193262
                   1.994                    0.0012416732
               1.9960001                    0.0010649072
                   1.998                   0.00088860455
                       2                   0.00071243878

