        Frequency / GHz                S1,1/real
----------------------------------------------------------------------
                       0                      0.99999994
            0.0020000001                      0.99999934
            0.0040000002                      0.99999774
            0.0060000001                      0.99999493
            0.0080000004                      0.99999124
            0.0099999998                      0.99998647
                   0.012                      0.99998081
                   0.014                      0.99997431
             0.016000001                      0.99996698
             0.017999999                      0.99995893
                    0.02                      0.99995029
                   0.022                      0.99994117
                   0.024                      0.99993157
             0.026000001                      0.99992168
             0.028000001                      0.99991155
             0.029999999                      0.99990124
             0.032000002                      0.99989092
             0.034000002                      0.99988055
             0.035999998                       0.9998703
             0.037999999                      0.99986011
             0.039999999                      0.99985015
             0.041999999                      0.99984032
                   0.044                      0.99983072
                   0.046                      0.99982136
                   0.048                      0.99981213
             0.050000001                      0.99980313
             0.052000001                      0.99979419
             0.054000001                       0.9997853
             0.056000002                      0.99977642
             0.057999998                      0.99976748
             0.059999999                      0.99975836
             0.061999999                        0.999749
             0.064000003                      0.99973929
                   0.066                      0.99972916
             0.068000004                      0.99971843
                    0.07                      0.99970716
             0.071999997                      0.99969506
             0.074000001                      0.99968213
             0.075999998                       0.9996683
             0.078000002                      0.99965358
             0.079999998                      0.99963778
             0.082000002                      0.99962085
             0.083999999                      0.99960274
             0.086000003                      0.99958354
                   0.088                      0.99956316
             0.090000004                       0.9995417
                   0.092                      0.99951905
             0.093999997                      0.99949515
             0.096000001                      0.99947035
             0.097999997                      0.99944443
                     0.1                       0.9994176
                   0.102                      0.99938995
                   0.104                      0.99936146
                   0.106                      0.99933219
                   0.108                      0.99930239
                    0.11                      0.99927211
                   0.112                      0.99924141
                   0.114                      0.99921036
                   0.116                      0.99917907
                   0.118                      0.99914759
                    0.12                      0.99911606
                   0.122                      0.99908447
                   0.124                        0.999053
                   0.126                      0.99902159
              0.12800001                      0.99899018
                    0.13                        0.998959
                   0.132                      0.99892783
                   0.134                      0.99889684
              0.13600001                       0.9988659
                   0.138                      0.99883497
                    0.14                      0.99880403
                   0.142                      0.99877298
              0.14399999                      0.99874175
                   0.146                      0.99871027
                   0.148                      0.99867845
              0.15000001                       0.9986462
                   0.152                      0.99861324
                   0.154                       0.9985798
                   0.156                      0.99854547
              0.15800001                       0.9985103
                    0.16                      0.99847418
                   0.162                      0.99843705
                   0.164                      0.99839878
              0.16599999                       0.9983592
                   0.168                      0.99831849
                    0.17                      0.99827653
              0.17200001                      0.99823314
              0.17399999                      0.99818844
                   0.176                      0.99814242
                   0.178                      0.99809515
              0.18000001                      0.99804652
                   0.182                      0.99799657
                   0.184                      0.99794549
                   0.186                      0.99789315
              0.18799999                      0.99783993
                    0.19                      0.99778563
                   0.192                      0.99773043
              0.19400001                      0.99767447
              0.19599999                      0.99761778
                   0.198                      0.99756044
                     0.2                      0.99750268
              0.20200001                      0.99744439
                   0.204                      0.99738586
                   0.206                      0.99732697
                   0.208                      0.99726784
              0.20999999                       0.9972086
                   0.212                      0.99714923
                   0.214                       0.9970898
              0.21600001                       0.9970302
              0.21799999                      0.99697053
                    0.22                      0.99691081
                   0.222                      0.99685091
              0.22400001                      0.99679071
                   0.226                      0.99673033
                   0.228                      0.99666965
                    0.23                       0.9966085
              0.23199999                       0.9965468
                   0.234                      0.99648446
                   0.236                      0.99642152
              0.23800001                      0.99635768
              0.23999999                      0.99629283
                   0.242                      0.99622697
                   0.244                      0.99615985
              0.24600001                       0.9960916
                   0.248                      0.99602193
                    0.25                       0.9959507
                   0.252                      0.99587804
              0.25400001                      0.99580371
              0.25600001                      0.99572778
              0.25799999                      0.99565017
              0.25999999                      0.99557084
              0.26199999                      0.99548984
                   0.264                       0.9954071
                   0.266                      0.99532276
              0.26800001                      0.99523669
              0.27000001                      0.99514914
              0.27200001                      0.99506015
              0.27399999                      0.99496961
              0.27599999                       0.9948777
                   0.278                      0.99478471
                    0.28                      0.99469036
              0.28200001                      0.99459511
              0.28400001                      0.99449885
              0.28600001                      0.99440169
              0.28799999                      0.99430376
              0.28999999                      0.99420518
                   0.292                      0.99410594
                   0.294                      0.99400616
                   0.296                      0.99390584
              0.29800001                      0.99380505
              0.30000001                      0.99370384
              0.30199999                      0.99360216
              0.30399999                      0.99349993
              0.30599999                      0.99339724
                   0.308                      0.99329406
                    0.31                      0.99319023
              0.31200001                      0.99308562
              0.31400001                       0.9929803
              0.31600001                      0.99287415
              0.31799999                      0.99276692
              0.31999999                       0.9926585
                   0.322                      0.99254888
                   0.324                       0.9924379
              0.32600001                      0.99232531
              0.32800001                       0.9922111
              0.33000001                      0.99209511
              0.33199999                      0.99197716
              0.33399999                      0.99185717
                   0.336                       0.9917351
                   0.338                      0.99161071
                    0.34                      0.99148405
              0.34200001                      0.99135494
              0.34400001                      0.99122345
              0.34599999                      0.99108952
              0.34799999                      0.99095309
              0.34999999                      0.99081415
                   0.352                      0.99067289
                   0.354                      0.99052918
              0.35600001                      0.99038303
              0.35800001                      0.99023473
              0.36000001                      0.99008411
              0.36199999                       0.9899314
              0.36399999                      0.98977673
                   0.366                      0.98962009
                   0.368                      0.98946172
                    0.37                      0.98930156
              0.37200001                      0.98913985
              0.37400001                       0.9889766
              0.37599999                      0.98881191
              0.37799999                      0.98864591
                    0.38                       0.9884786
                   0.382                      0.98831004
                   0.384                      0.98814023
              0.38600001                      0.98796934
              0.38800001                      0.98779714
              0.38999999                      0.98762375
              0.39199999                      0.98744911
              0.39399999                       0.9872731
                   0.396                      0.98709565
                   0.398                      0.98691672
              0.40000001                        0.986736
              0.40200001                      0.98655361
              0.40400001                      0.98636925
              0.40599999                      0.98618287
              0.40799999                      0.98599404
                    0.41                      0.98580289
                   0.412                      0.98560917
                   0.414                       0.9854126
              0.41600001                      0.98521304
              0.41800001                      0.98501033
              0.41999999                      0.98480439
              0.42199999                        0.984595
              0.42399999                      0.98438203
                   0.426                      0.98416537
                   0.428                      0.98394489
              0.43000001                      0.98372054
              0.43200001                      0.98349231
              0.43399999                       0.9832601
              0.43599999                      0.98302388
              0.43799999                      0.98278368
                    0.44                      0.98253953
                   0.442                      0.98229146
              0.44400001                      0.98203945
              0.44600001                      0.98178375
              0.44800001                      0.98152429
              0.44999999                      0.98126113
              0.45199999                      0.98099452
                   0.454                      0.98072445
                   0.456                      0.98045111
                   0.458                      0.98017454
              0.46000001                      0.97989488
              0.46200001                      0.97961205
              0.46399999                      0.97932637
              0.46599999                       0.9790377
              0.46799999                      0.97874618
                    0.47                      0.97845191
                   0.472                      0.97815466
              0.47400001                      0.97785455
              0.47600001                      0.97755146
              0.47799999                      0.97724539
              0.47999999                      0.97693616
              0.48199999                      0.97662377
                   0.484                      0.97630793
                   0.486                      0.97598851
              0.48800001                      0.97566539
              0.49000001                      0.97533822
              0.49200001                      0.97500694
              0.49399999                      0.97467119
              0.49599999                      0.97433078
                   0.498                      0.97398537
                     0.5                      0.97363478
              0.50199997                      0.97327876
              0.50400001                      0.97291696
              0.50599998                      0.97254932
              0.50800002                      0.97217548
              0.50999999                      0.97179514
              0.51200002                      0.97140819
                   0.514                       0.9710145
              0.51599997                      0.97061378
              0.51800001                      0.97020614
              0.51999998                      0.96979111
              0.52200001                      0.96936888
              0.52399999                      0.96893913
              0.52600002                      0.96850204
                   0.528                      0.96805769
              0.52999997                      0.96760565
              0.53200001                       0.9671464
              0.53399998                      0.96667963
              0.53600001                      0.96620554
              0.53799999                      0.96572429
              0.54000002                      0.96523577
                   0.542                      0.96473998
              0.54400003                      0.96423721
                   0.546                      0.96372753
              0.54799998                      0.96321088
              0.55000001                      0.96268731
              0.55199999                      0.96215683
              0.55400002                      0.96161956
              0.55599999                      0.96107543
              0.55800003                       0.9605242
                    0.56                        0.959966
              0.56199998                      0.95940065
              0.56400001                      0.95882827
              0.56599998                      0.95824832
              0.56800002                      0.95766085
              0.56999999                      0.95706552
              0.57200003                      0.95646209
                   0.574                       0.9558503
              0.57599998                      0.95522994
              0.57800001                      0.95460045
              0.57999998                      0.95396155
              0.58200002                      0.95331299
              0.58399999                      0.95265424
              0.58600003                      0.95198494
                   0.588                      0.95130473
              0.58999997                       0.9506132
              0.59200001                      0.94990993
              0.59399998                      0.94919449
              0.59600002                      0.94846648
              0.59799999                      0.94772559
              0.60000002                      0.94697142
                   0.602                      0.94620353
              0.60399997                      0.94542176
              0.60600001                      0.94462579
              0.60799998                      0.94381529
              0.61000001                      0.94299001
              0.61199999                      0.94214976
              0.61400002                      0.94129437
                   0.616                      0.94042361
              0.61799997                      0.93953729
                    0.62                      0.93863529
              0.62199998                      0.93771756
              0.62400001                      0.93678385
              0.62599999                      0.93583429
              0.62800002                      0.93486845
                    0.63                      0.93388647
              0.63200003                      0.93288815
                   0.634                      0.93187326
              0.63599998                      0.93084192
              0.63800001                      0.92979389
              0.63999999                      0.92872876
              0.64200002                      0.92764658
              0.64399999                      0.92654711
              0.64600003                      0.92542994
                   0.648                      0.92429483
              0.64999998                      0.92314142
              0.65200001                      0.92196929
              0.65399998                       0.9207781
              0.65600002                      0.91956735
              0.65799999                      0.91833657
              0.66000003                      0.91708511
                   0.662                      0.91581243
              0.66399997                      0.91451794
              0.66600001                      0.91320091
              0.66799998                      0.91186082
              0.67000002                      0.91049677
              0.67199999                      0.90910816
              0.67400002                      0.90769422
                   0.676                      0.90625405
              0.67799997                      0.90478694
              0.68000001                      0.90329218
              0.68199998                      0.90176904
              0.68400002                      0.90021658
              0.68599999                      0.89863402
              0.68800002                       0.8970207
                    0.69                      0.89537573
              0.69199997                      0.89369833
              0.69400001                      0.89198798
              0.69599998                      0.89024371
              0.69800001                      0.88846493
              0.69999999                       0.8866508
              0.70200002                      0.88480061
                   0.704                      0.88291377
              0.70599997                      0.88098961
                   0.708                      0.87902731
              0.70999998                       0.8770262
              0.71200001                      0.87498552
              0.71399999                       0.8729046
              0.71600002                      0.87078273
              0.71799999                      0.86861914
              0.72000003                      0.86641294
                   0.722                      0.86416334
              0.72399998                      0.86186957
              0.72600001                      0.85953057
              0.72799999                      0.85714555
              0.73000002                      0.85471332
              0.73199999                      0.85223293
              0.73400003                      0.84970331
                   0.736                      0.84712327
              0.73799998                      0.84449154
              0.74000001                      0.84180689
              0.74199998                      0.83906811
              0.74400002                      0.83627349
              0.74599999                      0.83342189
              0.74800003                      0.83051175
                    0.75                      0.82754147
              0.75199997                      0.82450956
              0.75400001                      0.82141435
              0.75599998                      0.81825423
              0.75800002                      0.81502759
              0.75999999                      0.81173259
              0.76200002                      0.80836773
                   0.764                       0.8049311
              0.76599997                      0.80142117
              0.76800001                      0.79783607
              0.76999998                      0.79417425
              0.77200001                      0.79043382
              0.77399999                      0.78661335
              0.77600002                      0.78271097
                   0.778                      0.77872503
              0.77999997                      0.77465403
              0.78200001                      0.77049631
              0.78399998                      0.76625031
              0.78600001                      0.76191449
              0.78799999                       0.7574873
              0.79000002                      0.75296724
                   0.792                      0.74835283
              0.79400003                      0.74364269
                   0.796                      0.73883528
              0.79799998                      0.73392922
              0.80000001                      0.72892308
              0.80199999                      0.72381562
              0.80400002                      0.71860522
              0.80599999                      0.71329087
              0.80800003                      0.70787096
                    0.81                      0.70234436
              0.81199998                      0.69670963
              0.81400001                      0.69096583
              0.81599998                       0.6851114
              0.81800002                      0.67914546
              0.81999999                      0.67306691
              0.82200003                      0.66687471
                   0.824                        0.660568
              0.82599998                      0.65414584
              0.82800001                      0.64760774
              0.82999998                      0.64095312
              0.83200002                      0.63418162
              0.83399999                      0.62729311
              0.83600003                      0.62028766
                   0.838                       0.6131655
              0.83999997                      0.60592723
              0.84200001                      0.59857386
              0.84399998                      0.59110641
              0.84600002                      0.58352655
              0.84799999                      0.57583618
              0.85000002                      0.56803763
                   0.852                      0.56013364
              0.85399997                      0.55212736
              0.85600001                       0.5440225
              0.85799998                      0.53582317
              0.86000001                      0.52753407
              0.86199999                      0.51916021
              0.86400002                       0.5107072
                   0.866                      0.50218141
              0.86799997                       0.4935891
                    0.87                      0.48493764
              0.87199998                      0.47623464
              0.87400001                      0.46748802
              0.87599999                      0.45870647
              0.87800002                      0.44989875
                    0.88                      0.44107425
              0.88200003                      0.43224254
                   0.884                      0.42341363
              0.88599998                      0.41459772
              0.88800001                      0.40580517
              0.88999999                      0.39704669
              0.89200002                      0.38833272
              0.89399999                      0.37967417
              0.89600003                      0.37108159
                   0.898                       0.3625657
              0.89999998                      0.35413691
              0.90200001                      0.34580556
              0.90399998                      0.33758157
              0.90600002                      0.32947472
              0.90799999                      0.32149428
              0.91000003                      0.31364921
                   0.912                      0.30594778
              0.91399997                       0.2983979
              0.91600001                       0.2910068
              0.91799998                      0.28378123
              0.92000002                      0.27672708
              0.92199999                      0.26984975
              0.92400002                      0.26315379
                   0.926                      0.25664303
              0.92799997                       0.2503207
              0.93000001                      0.24418914
              0.93199998                      0.23825002
              0.93400002                      0.23250428
              0.93599999                      0.22695205
              0.93800002                      0.22159293
                    0.94                      0.21642563
              0.94199997                      0.21144843
              0.94400001                      0.20665893
              0.94599998                      0.20205407
              0.94800001                      0.19763041
              0.94999999                      0.19338401
              0.95200002                      0.18931042
                   0.954                        0.185405
              0.95599997                      0.18166268
                   0.958                      0.17807822
              0.95999998                      0.17464611
              0.96200001                      0.17136082
              0.96399999                      0.16821668
              0.96600002                      0.16520806
              0.96799999                      0.16232938
              0.97000003                      0.15957515
                   0.972                         0.15694
              0.97399998                      0.15441883
              0.97600001                      0.15200673
              0.97799999                      0.14969914
              0.98000002                      0.14749177
              0.98199999                      0.14538074
              0.98400003                      0.14336248
                   0.986                      0.14143392
              0.98799998                      0.13959233
              0.99000001                      0.13783547
              0.99199998                      0.13616151
              0.99400002                      0.13456911
              0.99599999                      0.13305733
              0.99800003                      0.13162574
                       1                      0.13027428
                   1.002                      0.12900332
               1.0039999                      0.12781368
                   1.006                      0.12670653
                   1.008                      0.12568337
                    1.01                      0.12474608
                   1.012                      0.12389683
               1.0140001                      0.12313809
                   1.016                      0.12247254
                   1.018                      0.12190309
                    1.02                      0.12143286
                   1.022                      0.12106512
                   1.024                      0.12080318
                   1.026                      0.12065054
                   1.028                      0.12061071
                    1.03                      0.12068717
               1.0319999                       0.1208835
                   1.034                      0.12120314
                   1.036                      0.12164952
                   1.038                      0.12222595
                    1.04                      0.12293562
               1.0420001                      0.12378161
                   1.044                      0.12476678
                   1.046                      0.12589385
                   1.048                      0.12716529
                    1.05                      0.12858334
                   1.052                      0.13015009
                   1.054                      0.13186726
                   1.056                      0.13373636
                   1.058                      0.13575862
               1.0599999                      0.13793498
                   1.062                      0.14026602
                   1.064                      0.14275216
                   1.066                      0.14539331
                   1.068                      0.14818925
               1.0700001                      0.15113935
                   1.072                      0.15424268
                   1.074                        0.157498
                   1.076                      0.16090377
               1.0779999                      0.16445805
                    1.08                      0.16815875
                   1.082                      0.17200334
                   1.084                      0.17598909
                   1.086                       0.1801129
               1.0880001                      0.18437147
                    1.09                       0.1887612
                   1.092                       0.1932783
                   1.094                      0.19791867
                   1.096                      0.20267797
                   1.098                      0.20755179
                     1.1                      0.21253543
                   1.102                       0.2176241
                   1.104                      0.22281279
               1.1059999                      0.22809634
                   1.108                      0.23346969
                    1.11                      0.23892751
                   1.112                       0.2444645
                   1.114                      0.25007528
               1.1160001                      0.25575456
                   1.118                      0.26149693
                    1.12                      0.26729715
                   1.122                      0.27314997
                   1.124                      0.27905026
                   1.126                      0.28499299
                   1.128                      0.29097325
                    1.13                      0.29698622
                   1.132                      0.30302733
               1.1339999                      0.30909216
                   1.136                       0.3151764
                   1.138                      0.32127604
                    1.14                      0.32738721
                   1.142                       0.3335062
               1.1440001                      0.33962965
                   1.146                      0.34575433
                   1.148                      0.35187721
                    1.15                      0.35799548
                   1.152                      0.36410654
                   1.154                        0.370208
                   1.156                      0.37629762
                   1.158                      0.38237333
                    1.16                      0.38843322
               1.1619999                      0.39447567
                   1.164                      0.40049887
                   1.166                      0.40650153
                   1.168                      0.41248205
                    1.17                      0.41843924
               1.1720001                      0.42437175
                   1.174                      0.43027845
                   1.176                        0.436158
                   1.178                      0.44200933
               1.1799999                      0.44783118
                   1.182                      0.45362255
                   1.184                      0.45938197
                   1.186                      0.46510834
                   1.188                      0.47080049
               1.1900001                      0.47645679
                   1.192                      0.48207617
                   1.194                      0.48765704
                   1.196                      0.49319801
                   1.198                      0.49869755
                     1.2                      0.50415403
                   1.202                      0.50956607
                   1.204                      0.51493198
                   1.206                      0.52025008
               1.2079999                      0.52551895
                    1.21                      0.53073686
                   1.212                      0.53590238
                   1.214                      0.54101396
                   1.216                      0.54607016
               1.2180001                      0.55106974
                    1.22                      0.55601126
                   1.222                      0.56089377
                   1.224                      0.56571615
                   1.226                      0.57047743
                   1.228                      0.57517695
                    1.23                      0.57981408
                   1.232                      0.58438843
                   1.234                      0.58889973
               1.2359999                      0.59334779
                   1.238                      0.59773272
                    1.24                      0.60205477
                   1.242                       0.6063143
                   1.244                      0.61051178
               1.2460001                       0.6146481
                   1.248                      0.61872399
                    1.25                      0.62274039
                   1.252                      0.62669837
               1.2539999                      0.63059908
                   1.256                      0.63444376
                   1.258                      0.63823372
                    1.26                      0.64197034
                   1.262                       0.6456548
               1.2640001                      0.64928871
                   1.266                      0.65287322
                   1.268                       0.6564098
                    1.27                      0.65989953
                   1.272                      0.66334373
                   1.274                       0.6667434
                   1.276                      0.67009974
                   1.278                      0.67341346
                    1.28                      0.67668545
               1.2819999                      0.67991644
                   1.284                       0.6831069
                   1.286                      0.68625736
                   1.288                      0.68936795
                    1.29                      0.69243908
               1.2920001                      0.69547063
                   1.294                      0.69846267
                   1.296                      0.70141506
                   1.298                      0.70432752
                     1.3                      0.70719987
                   1.302                      0.71003175
                   1.304                      0.71282274
                   1.306                      0.71557236
                   1.308                      0.71828032
               1.3099999                      0.72094625
                   1.312                      0.72356963
                   1.314                      0.72615021
                   1.316                       0.7286877
                   1.318                      0.73118198
               1.3200001                      0.73363286
                   1.322                      0.73604029
                   1.324                      0.73840439
                   1.326                       0.7407254
               1.3279999                      0.74300361
                    1.33                       0.7452395
                   1.332                       0.7474336
                   1.334                      0.74958658
                   1.336                      0.75169951
               1.3380001                      0.75377291
                    1.34                      0.75580812
                   1.342                        0.757806
                   1.344                      0.75976801
                   1.346                      0.76169533
                   1.348                      0.76358914
                    1.35                      0.76545095
                   1.352                      0.76728213
                   1.354                      0.76908398
               1.3559999                      0.77085793
                   1.358                      0.77260524
                    1.36                      0.77432722
                   1.362                      0.77602512
                   1.364                      0.77770007
               1.3660001                      0.77935296
                   1.368                      0.78098506
                    1.37                      0.78259683
                   1.372                      0.78418928
                   1.374                      0.78576291
                   1.376                      0.78731817
                   1.378                      0.78885537
                    1.38                      0.79037482
                   1.382                      0.79187649
               1.3839999                      0.79336053
                   1.386                      0.79482663
                   1.388                      0.79627466
                    1.39                      0.79770428
                   1.392                      0.79911506
               1.3940001                      0.80050659
                   1.396                      0.80187851
                   1.398                      0.80323011
                     1.4                       0.8045609
                   1.402                      0.80587041
                   1.404                      0.80715805
                   1.406                      0.80842352
                   1.408                      0.80966628
                    1.41                      0.81088591
               1.4119999                      0.81208229
                   1.414                      0.81325513
                   1.416                      0.81440437
                   1.418                      0.81552994
                    1.42                      0.81663209
               1.4220001                      0.81771094
                   1.424                      0.81876677
                   1.426                      0.81980014
                   1.428                      0.82081145
               1.4299999                      0.82180154
                   1.432                      0.82277095
                   1.434                      0.82372057
                   1.436                      0.82465118
                   1.438                      0.82556385
               1.4400001                      0.82645947
                   1.442                      0.82733905
                   1.444                      0.82820362
                   1.446                       0.8290543
                   1.448                      0.82989198
                    1.45                      0.83071756
                   1.452                      0.83153218
                   1.454                      0.83233666
                   1.456                      0.83313167
               1.4579999                      0.83391809
                    1.46                      0.83469653
                   1.462                      0.83546758
                   1.464                      0.83623165
                   1.466                       0.8369891
               1.4680001                      0.83774024
                    1.47                      0.83848494
                   1.472                      0.83922362
                   1.474                      0.83995599
                   1.476                      0.84068203
                   1.478                      0.84140134
                    1.48                      0.84211373
                   1.482                      0.84281886
                   1.484                      0.84351623
               1.4859999                      0.84420538
                   1.488                      0.84488583
                    1.49                      0.84555703
                   1.492                      0.84621853
                   1.494                      0.84686983
               1.4960001                       0.8475104
                   1.498                      0.84813982
                     1.5                       0.8487578
                   1.502                      0.84936392
               1.5039999                      0.84995788
                   1.506                      0.85053968
                   1.508                      0.85110903
                    1.51                      0.85166603
                   1.512                      0.85221058
               1.5140001                      0.85274303
                   1.516                      0.85326362
                   1.518                      0.85377252
                    1.52                      0.85427028
                   1.522                      0.85475737
                   1.524                      0.85523432
                   1.526                      0.85570168
                   1.528                       0.8561601
                    1.53                      0.85661048
               1.5319999                      0.85705334
                   1.534                      0.85748941
                   1.536                      0.85791957
                   1.538                      0.85834438
                    1.54                      0.85876471
               1.5420001                      0.85918111
                   1.544                      0.85959423
                   1.546                      0.86000472
                   1.548                      0.86041319
                    1.55                      0.86081988
                   1.552                      0.86122537
                   1.554                      0.86162996
                   1.556                      0.86203372
                   1.558                      0.86243707
               1.5599999                      0.86283994
                   1.562                      0.86324239
                   1.564                      0.86364436
                   1.566                       0.8640458
                   1.568                      0.86444634
               1.5700001                      0.86484605
                   1.572                      0.86524433
                   1.574                      0.86564106
                   1.576                      0.86603588
               1.5779999                      0.86642832
                    1.58                      0.86681813
                   1.582                      0.86720496
                   1.584                       0.8675884
                   1.586                       0.8679682
               1.5880001                      0.86834395
                    1.59                      0.86871558
                   1.592                      0.86908263
                   1.594                      0.86944509
                   1.596                      0.86980289
                   1.598                      0.87015575
                     1.6                      0.87050402
                   1.602                      0.87084746
                   1.604                      0.87118644
               1.6059999                      0.87152094
                   1.608                      0.87185133
                    1.61                      0.87217778
                   1.612                       0.8725006
                   1.614                      0.87282038
               1.6160001                       0.8731373
                   1.618                      0.87345171
                    1.62                      0.87376422
                   1.622                      0.87407511
                   1.624                      0.87438488
                   1.626                      0.87469399
                   1.628                      0.87500274
                    1.63                      0.87531155
                   1.632                      0.87562072
               1.6339999                      0.87593061
                   1.636                      0.87624133
                   1.638                      0.87655318
                    1.64                      0.87686628
                   1.642                      0.87718081
               1.6440001                      0.87749672
                   1.646                      0.87781405
                   1.648                       0.8781327
                    1.65                       0.8784526
                   1.652                      0.87877363
                   1.654                      0.87909549
                   1.656                      0.87941802
                   1.658                      0.87974107
                    1.66                      0.88006425
               1.6619999                      0.88038737
                   1.664                      0.88071012
                   1.666                      0.88103223
                   1.668                      0.88135338
                    1.67                      0.88167346
               1.6720001                       0.8819921
                   1.674                      0.88230914
                   1.676                      0.88262451
                   1.678                      0.88293803
               1.6799999                      0.88324958
                   1.682                      0.88355929
                   1.684                      0.88386703
                   1.686                      0.88417286
                   1.688                      0.88447702
               1.6900001                      0.88477963
                   1.692                       0.8850807
                   1.694                      0.88538069
                   1.696                       0.8856799
                   1.698                      0.88597852
                     1.7                      0.88627672
                   1.702                      0.88657504
                   1.704                      0.88687366
                   1.706                      0.88717312
               1.7079999                      0.88747352
                    1.71                       0.8877753
                   1.712                      0.88807869
                   1.714                      0.88838392
                   1.716                      0.88869125
               1.7180001                      0.88900077
                    1.72                      0.88931274
                   1.722                       0.8896271
                   1.724                      0.88994396
                   1.726                      0.89026332
                   1.728                      0.89058501
                    1.73                       0.8909089
                   1.732                      0.89123499
                   1.734                      0.89156294
               1.7359999                      0.89189237
                   1.738                       0.8922233
                    1.74                      0.89255512
                   1.742                      0.89288753
                   1.744                      0.89322031
               1.7460001                      0.89355302
                   1.748                      0.89388525
                    1.75                      0.89421666
                   1.752                      0.89454699
               1.7539999                      0.89487576
                   1.756                      0.89520288
                   1.758                      0.89552784
                    1.76                       0.8958506
                   1.762                      0.89617091
               1.7640001                      0.89648885
                   1.766                      0.89680403
                   1.768                      0.89711666
                    1.77                      0.89742678
                   1.772                       0.8977344
                   1.774                       0.8980397
                   1.776                      0.89834279
                   1.778                      0.89864403
                    1.78                      0.89894366
               1.7819999                      0.89924192
                   1.784                      0.89953923
                   1.786                      0.89983582
                   1.788                      0.90013212
                    1.79                      0.90042847
               1.7920001                      0.90072519
                   1.794                      0.90102255
                   1.796                      0.90132099
                   1.798                      0.90162075
                     1.8                      0.90192205
                   1.802                      0.90222502
                   1.804                       0.9025299
                   1.806                      0.90283674
                   1.808                      0.90314549
               1.8099999                      0.90345633
                   1.812                      0.90376896
                   1.814                      0.90408337
                   1.816                      0.90439939
                   1.818                      0.90471673
               1.8200001                      0.90503508
                   1.822                      0.90535414
                   1.824                      0.90567344
                   1.826                      0.90599275
               1.8279999                      0.90631157
                    1.83                      0.90662956
                   1.832                      0.90694618
                   1.834                      0.90726101
                   1.836                       0.9075737
               1.8380001                      0.90788376
                    1.84                      0.90819097
                   1.842                      0.90849495
                   1.844                      0.90879554
                   1.846                      0.90909231
                   1.848                       0.9093852
                    1.85                      0.90967423
                   1.852                       0.9099592
                   1.854                      0.91024017
               1.8559999                       0.9105171
                   1.858                       0.9107905
                    1.86                      0.91106027
                   1.862                      0.91132671
                   1.864                      0.91159028
               1.8660001                      0.91185117
                   1.868                      0.91210985
                    1.87                      0.91236669
                   1.872                      0.91262215
                   1.874                      0.91287661
                   1.876                      0.91313046
                   1.878                      0.91338432
                    1.88                      0.91363847
                   1.882                      0.91389328
               1.8839999                      0.91414905
                   1.886                      0.91440606
                   1.888                      0.91466457
                    1.89                       0.9149248
                   1.892                      0.91518676
               1.8940001                      0.91545045
                   1.896                      0.91571593
                   1.898                      0.91598308
                     1.9                      0.91625178
                   1.902                      0.91652161
                   1.904                      0.91679233
                   1.906                      0.91706371
                   1.908                      0.91733515
                    1.91                      0.91760629
               1.9119999                       0.9178766
                   1.914                      0.91814554
                   1.916                      0.91841269
                   1.918                      0.91867745
                    1.92                      0.91893917
               1.9220001                      0.91919744
                   1.924                      0.91945177
                   1.926                      0.91970181
                   1.928                      0.91994685
               1.9299999                      0.92018688
                   1.932                       0.9204213
                   1.934                      0.92065012
                   1.936                      0.92087322
                   1.938                       0.9210903
               1.9400001                      0.92130154
                   1.942                      0.92150688
                   1.944                      0.92170668
                   1.946                      0.92190105
                   1.948                      0.92209029
                    1.95                      0.92227483
                   1.952                      0.92245495
                   1.954                      0.92263126
                   1.956                      0.92280424
               1.9579999                      0.92297435
                    1.96                      0.92314219
                   1.962                      0.92330831
                   1.964                      0.92347336
                   1.966                      0.92363775
               1.9680001                      0.92380196
                    1.97                      0.92396653
                   1.972                      0.92413181
                   1.974                      0.92429817
                   1.976                      0.92446589
                   1.978                      0.92463523
                    1.98                      0.92480624
                   1.982                      0.92497903
                   1.984                      0.92515361
               1.9859999                       0.9253298
                   1.988                      0.92550731
                    1.99                      0.92568612
                   1.992                      0.92586577
                   1.994                      0.92604578
               1.9960001                      0.92622578
                   1.998                      0.92640519
                       2                      0.92658365

