        Frequency / GHz                S1,1/imaginary
----------------------------------------------------------------------
                       0                               0
            0.0020000001                  -0.00067013327
            0.0040000002                   -0.0013401845
            0.0060000001                   -0.0020100733
            0.0080000004                   -0.0026797233
            0.0099999998                   -0.0033490651
                   0.012                   -0.0040180357
                   0.014                   -0.0046865814
             0.016000001                   -0.0053546606
             0.017999999                   -0.0060222424
                    0.02                   -0.0066893082
                   0.022                   -0.0073558562
                   0.024                   -0.0080218939
             0.026000001                    -0.008687444
             0.028000001                    -0.009352548
             0.029999999                    -0.010017251
             0.032000002                    -0.010681622
             0.034000002                    -0.011345733
             0.035999998                    -0.012009666
             0.037999999                     -0.01267352
             0.039999999                    -0.013337392
             0.041999999                    -0.014001388
                   0.044                    -0.014665616
                   0.046                    -0.015330187
                   0.048                    -0.015995212
             0.050000001                    -0.016660791
             0.052000001                    -0.017327027
             0.054000001                     -0.01799402
             0.056000002                    -0.018661849
             0.057999998                    -0.019330593
             0.059999999                    -0.020000316
             0.061999999                    -0.020671071
             0.064000003                    -0.021342896
                   0.066                    -0.022015817
             0.068000004                    -0.022689842
                    0.07                    -0.023364972
             0.071999997                    -0.024041189
             0.074000001                    -0.024718462
             0.075999998                    -0.025396751
             0.078000002                    -0.026076004
             0.079999998                    -0.026756154
             0.082000002                    -0.027437134
             0.083999999                    -0.028118866
             0.086000003                     -0.02880127
                   0.088                    -0.029484268
             0.090000004                    -0.030167768
                   0.092                    -0.030851694
             0.093999997                    -0.031535961
             0.096000001                    -0.032220513
             0.097999997                    -0.032905266
                     0.1                    -0.033590179
                   0.102                      -0.0342752
                   0.104                    -0.034960307
                   0.106                     -0.03564547
                   0.108                    -0.036330689
                    0.11                    -0.037015971
                   0.112                    -0.037701342
                   0.114                    -0.038386833
                   0.116                    -0.039072499
                   0.118                     -0.03975841
                    0.12                    -0.040444627
                   0.122                    -0.041131251
                   0.124                    -0.041818369
                   0.126                    -0.042506088
              0.12800001                    -0.043194514
                    0.13                    -0.043883756
                   0.132                    -0.044573933
                   0.134                    -0.045265157
              0.13600001                    -0.045957536
                   0.138                    -0.046651177
                    0.14                    -0.047346186
                   0.142                     -0.04804264
              0.14399999                    -0.048740625
                   0.146                    -0.049440216
                   0.148                    -0.050141465
              0.15000001                    -0.050844416
                   0.152                    -0.051549096
                   0.154                    -0.052255526
                   0.156                      -0.0529637
              0.15800001                    -0.053673606
                    0.16                    -0.054385226
                   0.162                    -0.055098511
                   0.164                    -0.055813409
              0.16599999                    -0.056529868
                   0.168                    -0.057247806
                    0.17                    -0.057967167
              0.17200001                    -0.058687847
              0.17399999                     -0.05940979
                   0.176                    -0.060132887
                   0.178                    -0.060857076
              0.18000001                    -0.061582264
                   0.182                    -0.062308386
                   0.184                    -0.063035384
                   0.186                    -0.063763194
              0.18799999                    -0.064491786
                    0.19                    -0.065221108
                   0.192                    -0.065951169
              0.19400001                    -0.066681936
              0.19599999                    -0.067413442
                   0.198                    -0.068145722
                     0.2                    -0.068878777
              0.20200001                    -0.069612697
                   0.204                    -0.070347548
                   0.206                    -0.071083404
                   0.208                    -0.071820356
              0.20999999                      -0.0725585
                   0.212                    -0.073297963
                   0.214                    -0.074038848
              0.21600001                    -0.074781284
              0.21799999                    -0.075525373
                    0.22                    -0.076271266
                   0.222                    -0.077019058
              0.22400001                    -0.077768885
                   0.226                     -0.07852082
                   0.228                    -0.079274997
                    0.23                    -0.080031477
              0.23199999                    -0.080790341
                   0.234                    -0.081551656
                   0.236                    -0.082315475
              0.23800001                    -0.083081834
              0.23999999                    -0.083850741
                   0.242                    -0.084622204
                   0.244                    -0.085396208
              0.24600001                    -0.086172737
                   0.248                    -0.086951733
                    0.25                    -0.087733187
                   0.252                    -0.088516988
              0.25400001                    -0.089303091
              0.25600001                    -0.090091422
              0.25799999                    -0.090881892
              0.25999999                    -0.091674432
              0.26199999                     -0.09246894
                   0.264                    -0.093265332
                   0.266                    -0.094063558
              0.26800001                    -0.094863512
              0.27000001                    -0.095665149
              0.27200001                    -0.096468426
              0.27399999                     -0.09727329
              0.27599999                    -0.098079719
                   0.278                    -0.098887697
                    0.28                    -0.099697225
              0.28200001                     -0.10050833
              0.28400001                     -0.10132106
              0.28600001                     -0.10213545
              0.28799999                     -0.10295157
              0.28999999                     -0.10376951
                   0.292                     -0.10458937
                   0.294                     -0.10541122
                   0.296                     -0.10623524
              0.29800001                     -0.10706152
              0.30000001                     -0.10789021
              0.30199999                     -0.10872145
              0.30399999                     -0.10955536
              0.30599999                     -0.11039209
                   0.308                     -0.11123178
                    0.31                     -0.11207458
              0.31200001                     -0.11292058
              0.31400001                     -0.11376993
              0.31600001                     -0.11462269
              0.31799999                     -0.11547898
              0.31999999                     -0.11633888
                   0.322                     -0.11720242
                   0.324                     -0.11806966
              0.32600001                     -0.11894062
              0.32800001                     -0.11981533
              0.33000001                     -0.12069374
              0.33199999                     -0.12157585
              0.33399999                     -0.12246165
                   0.336                     -0.12335104
                   0.338                     -0.12424398
                    0.34                     -0.12514038
              0.34200001                     -0.12604018
              0.34400001                     -0.12694326
              0.34599999                     -0.12784956
              0.34799999                     -0.12875898
              0.34999999                     -0.12967145
                   0.352                     -0.13058685
                   0.354                     -0.13150512
              0.35600001                      -0.1324262
              0.35800001                     -0.13335004
              0.36000001                     -0.13427658
              0.36199999                     -0.13520582
              0.36399999                     -0.13613774
                   0.366                     -0.13707235
                   0.368                     -0.13800968
                    0.37                      -0.1389498
              0.37200001                     -0.13989279
              0.37400001                     -0.14083865
              0.37599999                     -0.14178756
              0.37799999                     -0.14273959
                    0.38                     -0.14369495
                   0.382                     -0.14465374
                   0.384                     -0.14561611
              0.38600001                     -0.14658225
              0.38800001                      -0.1475523
              0.38999999                     -0.14852646
              0.39199999                      -0.1495049
              0.39399999                     -0.15048781
                   0.396                     -0.15147533
                   0.398                     -0.15246762
              0.40000001                     -0.15346482
              0.40200001                     -0.15446711
              0.40400001                     -0.15547454
              0.40599999                     -0.15648729
              0.40799999                     -0.15750538
                    0.41                     -0.15852889
                   0.412                     -0.15955789
                   0.414                     -0.16059238
              0.41600001                     -0.16163237
              0.41800001                     -0.16267784
              0.41999999                     -0.16372879
              0.42199999                     -0.16478512
              0.42399999                     -0.16584679
                   0.426                     -0.16691376
                   0.428                      -0.1679859
              0.43000001                     -0.16906312
              0.43200001                     -0.17014536
              0.43399999                     -0.17123249
              0.43599999                      -0.1723244
              0.43799999                     -0.17342103
                    0.44                     -0.17452231
                   0.442                     -0.17562813
              0.44400001                     -0.17673847
              0.44600001                     -0.17785324
              0.44800001                     -0.17897247
              0.44999999                     -0.18009612
              0.45199999                     -0.18122421
                   0.454                     -0.18235683
                   0.456                     -0.18349397
                   0.458                     -0.18463576
              0.46000001                     -0.18578231
              0.46200001                     -0.18693374
              0.46399999                     -0.18809022
              0.46599999                      -0.1892519
              0.46799999                     -0.19041896
                    0.47                     -0.19159165
                   0.472                     -0.19277014
              0.47400001                     -0.19395466
              0.47600001                     -0.19514544
              0.47799999                     -0.19634274
              0.47999999                     -0.19754674
              0.48199999                     -0.19875766
                   0.484                     -0.19997576
                   0.486                     -0.20120122
              0.48800001                     -0.20243421
              0.49000001                     -0.20367494
              0.49200001                     -0.20492353
              0.49399999                      -0.2061801
              0.49599999                     -0.20744479
                   0.498                     -0.20871767
                     0.5                     -0.20999877
              0.50199997                     -0.21128818
              0.50400001                     -0.21258588
              0.50599998                     -0.21389186
              0.50800002                      -0.2152061
              0.50999999                     -0.21652851
              0.51200002                     -0.21785903
                   0.514                     -0.21919762
              0.51599997                      -0.2205441
              0.51800001                     -0.22189844
              0.51999998                     -0.22326051
              0.52200001                     -0.22463021
              0.52399999                     -0.22600755
              0.52600002                     -0.22739209
                   0.528                     -0.22878383
              0.52999997                     -0.23018324
              0.53200001                     -0.23158926
              0.53399998                     -0.23300292
              0.53600001                      -0.2344237
              0.53799999                     -0.23585105
              0.54000002                     -0.23728605
                   0.542                     -0.23872863
              0.54400003                     -0.24017833
                   0.546                     -0.24163514
              0.54799998                     -0.24309956
              0.55000001                     -0.24457213
              0.55199999                     -0.24605283
              0.55400002                     -0.24754114
              0.55599999                     -0.24903812
              0.55800003                     -0.25054422
                    0.56                     -0.25205895
              0.56199998                     -0.25358325
              0.56400001                     -0.25511673
              0.56599998                     -0.25666022
              0.56800002                     -0.25821388
              0.56999999                     -0.25977796
              0.57200003                     -0.26135275
                   0.574                     -0.26293853
              0.57599998                     -0.26453558
              0.57800001                     -0.26614401
              0.57999998                     -0.26776409
              0.58200002                     -0.26939601
              0.58399999                     -0.27103993
              0.58600003                     -0.27269596
                   0.588                      -0.2743642
              0.58999997                      -0.2760447
              0.59200001                      -0.2777375
              0.59399998                     -0.27944264
              0.59600002                     -0.28116006
              0.59799999                     -0.28288975
              0.60000002                     -0.28463164
                   0.602                     -0.28638569
              0.60399997                     -0.28815177
              0.60600001                     -0.28992981
              0.60799998                     -0.29171965
              0.61000001                     -0.29352126
              0.61199999                     -0.29533449
              0.61400002                     -0.29715925
                   0.616                     -0.29899549
              0.61799997                     -0.30084309
                    0.62                     -0.30270204
              0.62199998                     -0.30457222
              0.62400001                     -0.30645379
              0.62599999                     -0.30834669
              0.62800002                     -0.31025085
                    0.63                     -0.31216651
              0.63200003                     -0.31409374
                   0.634                     -0.31603265
              0.63599998                     -0.31798342
              0.63800001                     -0.31994626
              0.63999999                     -0.32192138
              0.64200002                     -0.32390904
              0.64399999                      -0.3259095
              0.64600003                       -0.327923
                   0.648                     -0.32994995
              0.64999998                     -0.33199051
              0.65200001                     -0.33404514
              0.65399998                     -0.33611408
              0.65600002                     -0.33819756
              0.65799999                     -0.34029606
              0.66000003                     -0.34240967
                   0.662                     -0.34453881
              0.66399997                     -0.34668365
              0.66600001                     -0.34884444
              0.66799998                     -0.35102135
              0.67000002                      -0.3532145
              0.67199999                     -0.35542414
              0.67400002                     -0.35765031
                   0.676                     -0.35989305
              0.67799997                     -0.36215237
              0.68000001                     -0.36442831
              0.68199998                     -0.36672086
              0.68400002                     -0.36902985
              0.68599999                      -0.3713553
              0.68800002                     -0.37369701
                    0.69                     -0.37605488
              0.69199997                     -0.37842873
              0.69400001                     -0.38081831
              0.69599998                      -0.3832235
              0.69800001                     -0.38564411
              0.69999999                     -0.38807994
              0.70200002                     -0.39053074
                   0.704                     -0.39299628
              0.70599997                     -0.39547646
                   0.708                     -0.39797097
              0.70999998                      -0.4004797
              0.71200001                      -0.4030025
              0.71399999                     -0.40553921
              0.71600002                     -0.40808961
              0.71799999                     -0.41065362
              0.72000003                     -0.41323113
                   0.722                     -0.41582197
              0.72399998                      -0.4184261
              0.72600001                     -0.42104337
              0.72799999                     -0.42367369
              0.73000002                     -0.42631686
              0.73199999                     -0.42897287
              0.73400003                     -0.43164146
                   0.736                     -0.43432263
              0.73799998                     -0.43701595
              0.74000001                     -0.43972129
              0.74199998                     -0.44243839
              0.74400002                     -0.44516683
              0.74599999                     -0.44790629
              0.74800003                     -0.45065627
                    0.75                     -0.45341629
              0.75199997                     -0.45618576
              0.75400001                     -0.45896396
              0.75599998                     -0.46175015
              0.75800002                     -0.46454352
              0.75999999                     -0.46734315
              0.76200002                     -0.47014806
                   0.764                     -0.47295699
              0.76599997                     -0.47576892
              0.76800001                     -0.47858247
              0.76999998                     -0.48139638
              0.77200001                     -0.48420906
              0.77399999                     -0.48701909
              0.77600002                     -0.48982474
                   0.778                     -0.49262437
              0.77999997                     -0.49541605
              0.78200001                     -0.49819803
              0.78399998                      -0.5009684
              0.78600001                     -0.50372499
              0.78799999                     -0.50646573
              0.79000002                     -0.50918853
                   0.792                     -0.51189101
              0.79400003                     -0.51457089
                   0.796                     -0.51722586
              0.79799998                     -0.51985323
              0.80000001                     -0.52245045
              0.80199999                     -0.52501494
              0.80400002                      -0.5275439
              0.80599999                     -0.53003418
              0.80800003                     -0.53248316
                    0.81                     -0.53488749
              0.81199998                     -0.53724402
              0.81400001                     -0.53954929
              0.81599998                     -0.54179972
              0.81800002                     -0.54399168
              0.81999999                     -0.54612118
              0.82200003                     -0.54818434
                   0.824                     -0.55017686
              0.82599998                      -0.5520941
              0.82800001                     -0.55393159
              0.82999998                     -0.55568457
              0.83200002                     -0.55734801
              0.83399999                     -0.55891651
              0.83600003                     -0.56038463
                   0.838                     -0.56174684
              0.83999997                     -0.56299716
              0.84200001                     -0.56412971
              0.84399998                     -0.56513834
              0.84600002                     -0.56601655
              0.84799999                     -0.56675804
              0.85000002                     -0.56735617
                   0.852                     -0.56780446
              0.85399997                     -0.56809598
              0.85600001                     -0.56822425
              0.85799998                     -0.56818271
              0.86000001                     -0.56796455
              0.86199999                     -0.56756341
              0.86400002                     -0.56697291
                   0.866                     -0.56618708
              0.86799997                     -0.56519973
                    0.87                     -0.56400549
              0.87199998                     -0.56259906
              0.87400001                     -0.56097543
              0.87599999                     -0.55913037
              0.87800002                     -0.55705965
                    0.88                     -0.55475992
              0.88200003                     -0.55222809
                   0.884                     -0.54946202
              0.88599998                     -0.54645991
              0.88800001                      -0.5432207
              0.88999999                     -0.53974402
              0.89200002                     -0.53603011
              0.89399999                     -0.53207999
              0.89600003                     -0.52789539
                   0.898                     -0.52347881
              0.89999998                     -0.51883334
              0.90200001                     -0.51396298
              0.90399998                     -0.50887203
              0.90600002                     -0.50356603
              0.90799999                     -0.49805075
              0.91000003                     -0.49233261
                   0.912                     -0.48641884
              0.91399997                       -0.480317
              0.91600001                     -0.47403517
              0.91799998                     -0.46758187
              0.92000002                     -0.46096605
              0.92199999                     -0.45419699
              0.92400002                      -0.4472841
                   0.926                     -0.44023713
              0.92799997                     -0.43306589
              0.93000001                     -0.42578027
              0.93199998                     -0.41839013
              0.93400002                      -0.4109053
              0.93599999                     -0.40333548
              0.93800002                     -0.39569014
                    0.94                     -0.38797855
              0.94199997                     -0.38020959
              0.94400001                     -0.37239188
              0.94599998                     -0.36453357
              0.94800001                     -0.35664231
              0.94999999                     -0.34872538
              0.95200002                     -0.34078947
                   0.954                     -0.33284062
              0.95599997                     -0.32488447
                   0.958                       -0.316926
              0.95999998                     -0.30896947
              0.96200001                     -0.30101869
              0.96399999                     -0.29307681
              0.96600002                      -0.2851463
              0.96799999                     -0.27722916
              0.97000003                     -0.26932675
                   0.972                     -0.26143995
              0.97399998                     -0.25356907
              0.97600001                      -0.2457139
              0.97799999                     -0.23787385
              0.98000002                     -0.23004791
              0.98199999                     -0.22223462
              0.98400003                     -0.21443228
                   0.986                     -0.20663887
              0.98799998                     -0.19885212
              0.99000001                     -0.19106956
              0.99199998                     -0.18328862
              0.99400002                     -0.17550661
              0.99599999                     -0.16772078
              0.99800003                     -0.15992841
                       1                     -0.15212674
                   1.002                     -0.14431317
               1.0039999                     -0.13648519
                   1.006                     -0.12864044
                   1.008                     -0.12077673
                    1.01                     -0.11289209
                   1.012                     -0.10498482
               1.0140001                    -0.097053513
                   1.016                    -0.089096986
                   1.018                    -0.081114396
                    1.02                    -0.073105253
                   1.022                    -0.065069355
                   1.024                    -0.057006881
                   1.026                    -0.048918325
                   1.028                    -0.040804569
                    1.03                    -0.032666817
               1.0319999                    -0.024506634
                   1.034                     -0.01632593
                   1.036                    -0.008126935
                   1.038                   8.7778681e-05
                    1.04                    0.0083153322
               1.0420001                     0.016552545
                   1.044                     0.024795951
                   1.046                     0.033041816
                   1.048                     0.041286141
                    1.05                     0.049524695
                   1.052                     0.057753056
                   1.054                     0.065966569
                   1.056                     0.074160412
                   1.058                     0.082329631
               1.0599999                       0.0904691
                   1.062                      0.09857358
                   1.064                      0.10663781
                   1.066                      0.11465636
                   1.068                      0.12262381
               1.0700001                      0.13053469
                   1.072                      0.13838354
                   1.074                      0.14616494
                   1.076                      0.15387344
               1.0779999                       0.1615037
                    1.08                      0.16905048
                   1.082                      0.17650859
                   1.084                      0.18387301
                   1.086                      0.19113882
               1.0880001                      0.19830129
                    1.09                      0.20535588
                   1.092                      0.21229821
                   1.094                      0.21912418
                   1.096                      0.22582984
                   1.098                      0.23241158
                     1.1                      0.23886591
                   1.102                      0.24518983
                   1.104                      0.25138041
               1.1059999                      0.25743508
                   1.108                      0.26335165
                    1.11                      0.26912811
                   1.112                      0.27476287
                   1.114                      0.28025451
               1.1160001                      0.28560206
                   1.118                      0.29080471
                    1.12                      0.29586211
                   1.122                      0.30077404
                   1.124                      0.30554068
                   1.126                       0.3101624
                   1.128                      0.31463987
                    1.13                      0.31897393
                   1.132                       0.3231658
               1.1339999                      0.32721677
                   1.136                      0.33112824
                   1.138                      0.33490202
                    1.14                       0.3385399
                   1.142                      0.34204379
               1.1440001                      0.34541574
                   1.146                      0.34865791
                   1.148                      0.35177246
                    1.15                      0.35476163
                   1.152                      0.35762757
                   1.154                      0.36037266
                   1.156                      0.36299908
                   1.158                      0.36550897
                    1.16                      0.36790445
               1.1619999                      0.37018773
                   1.164                      0.37236074
                   1.166                      0.37442538
                   1.168                      0.37638351
                    1.17                      0.37823698
               1.1720001                      0.37998742
                   1.174                      0.38163641
                   1.176                      0.38318536
                   1.178                      0.38463584
               1.1799999                      0.38598907
                   1.182                      0.38724652
                   1.184                      0.38840926
                   1.186                      0.38947859
                   1.188                      0.39045575
               1.1900001                      0.39134172
                   1.192                      0.39213783
                   1.194                      0.39284515
                   1.196                      0.39346492
                   1.198                      0.39399841
                     1.2                      0.39444703
                   1.202                      0.39481196
                   1.204                      0.39509481
                   1.206                      0.39529708
               1.2079999                      0.39542046
                    1.21                      0.39546663
                   1.212                      0.39543745
                   1.214                       0.3953349
                   1.216                      0.39516103
               1.2180001                      0.39491799
                    1.22                      0.39460814
                   1.222                      0.39423382
                   1.224                      0.39379734
                   1.226                      0.39330128
                   1.228                      0.39274827
                    1.23                      0.39214084
                   1.232                      0.39148164
                   1.234                      0.39077342
               1.2359999                      0.39001861
                   1.238                         0.38922
                    1.24                      0.38838017
                   1.242                       0.3875016
                   1.244                      0.38658667
               1.2460001                      0.38563785
                   1.248                       0.3846572
                    1.25                      0.38364708
                   1.252                      0.38260925
               1.2539999                      0.38154563
                   1.256                      0.38045797
                   1.258                      0.37934768
                    1.26                      0.37821627
                   1.262                      0.37706473
               1.2640001                      0.37589428
                   1.266                      0.37470576
                   1.268                      0.37349987
                    1.27                      0.37227717
                   1.272                      0.37103817
                   1.274                       0.3697831
                   1.276                      0.36851224
                   1.278                      0.36722574
                    1.28                      0.36592355
               1.2819999                      0.36460575
                   1.284                      0.36327225
                   1.286                      0.36192298
                   1.288                      0.36055776
                    1.29                      0.35917667
               1.2920001                      0.35777953
                   1.294                      0.35636643
                   1.296                      0.35493737
                   1.298                      0.35349256
                     1.3                      0.35203212
                   1.302                      0.35055643
                   1.304                      0.34906593
                   1.306                      0.34756106
                   1.308                      0.34604245
               1.3099999                      0.34451088
                   1.312                      0.34296718
                   1.314                      0.34141234
                   1.316                      0.33984724
                   1.318                      0.33827314
               1.3200001                      0.33669126
                   1.322                      0.33510277
                   1.324                        0.333509
                   1.326                      0.33191127
               1.3279999                      0.33031097
                    1.33                      0.32870942
                   1.332                      0.32710797
                   1.334                      0.32550797
                   1.336                      0.32391065
               1.3380001                      0.32231721
                    1.34                      0.32072872
                   1.342                      0.31914619
                   1.344                      0.31757057
                   1.346                      0.31600267
                   1.348                      0.31444308
                    1.35                      0.31289241
                   1.352                      0.31135106
                   1.354                      0.30981928
               1.3559999                      0.30829716
                   1.358                      0.30678475
                    1.36                      0.30528197
                   1.362                      0.30378851
                   1.364                      0.30230403
               1.3660001                      0.30082801
                   1.368                      0.29936007
                    1.37                      0.29789943
                   1.372                      0.29644558
                   1.374                      0.29499769
                   1.376                      0.29355508
                   1.378                      0.29211703
                    1.38                      0.29068279
                   1.382                      0.28925169
               1.3839999                      0.28782302
                   1.386                      0.28639621
                   1.388                      0.28497079
                    1.39                      0.28354624
                   1.392                      0.28212225
               1.3940001                      0.28069857
                   1.396                      0.27927503
                   1.398                      0.27785161
                     1.4                       0.2764284
                   1.402                      0.27500558
                   1.404                      0.27358344
                   1.406                      0.27216244
                   1.408                      0.27074304
                    1.41                      0.26932582
               1.4119999                      0.26791155
                   1.414                      0.26650092
                   1.416                       0.2650947
                   1.418                      0.26369372
                    1.42                      0.26229891
               1.4220001                      0.26091111
                   1.424                      0.25953114
                   1.426                      0.25815997
                   1.428                      0.25679827
               1.4299999                        0.255447
                   1.432                      0.25410661
                   1.434                       0.2527779
                   1.436                      0.25146139
                   1.438                      0.25015742
               1.4400001                      0.24886647
                   1.442                      0.24758874
                   1.444                      0.24632429
                   1.446                      0.24507321
                   1.448                       0.2438354
                    1.45                      0.24261068
                   1.452                      0.24139869
                   1.454                      0.24019912
                   1.456                      0.23901148
               1.4579999                      0.23783518
                    1.46                      0.23666963
                   1.462                      0.23551415
                   1.464                      0.23436809
                   1.466                      0.23323067
               1.4680001                       0.2321012
                    1.47                      0.23097886
                   1.472                      0.22986305
                   1.474                        0.228753
                   1.476                      0.22764814
                   1.478                      0.22654781
                    1.48                      0.22545157
                   1.482                      0.22435895
                   1.484                      0.22326958
               1.4859999                      0.22218317
                   1.488                      0.22109963
                    1.49                       0.2200188
                   1.492                      0.21894073
                   1.494                      0.21786551
               1.4960001                      0.21679334
                   1.498                      0.21572451
                     1.5                      0.21465941
                   1.502                       0.2135984
               1.5039999                      0.21254204
                   1.506                      0.21149082
                   1.508                      0.21044533
                    1.51                      0.20940621
                   1.512                      0.20837399
               1.5140001                      0.20734937
                   1.516                      0.20633297
                   1.518                      0.20532532
                    1.52                      0.20432699
                   1.522                      0.20333847
                   1.524                      0.20236021
                   1.526                      0.20139262
                   1.528                      0.20043598
                    1.53                      0.19949055
               1.5319999                      0.19855647
                   1.534                      0.19763382
                   1.536                      0.19672261
                   1.538                       0.1958227
                    1.54                      0.19493392
               1.5420001                      0.19405605
                   1.544                      0.19318873
                   1.546                       0.1923316
                   1.548                       0.1914842
                    1.55                      0.19064601
                   1.552                       0.1898165
                   1.554                      0.18899517
                   1.556                      0.18818139
                   1.558                      0.18737455
               1.5599999                       0.1865741
                   1.562                      0.18577948
                   1.564                      0.18499014
                   1.566                      0.18420558
                   1.568                      0.18342531
               1.5700001                      0.18264891
                   1.572                      0.18187603
                   1.574                      0.18110637
                   1.576                      0.18033971
               1.5779999                      0.17957583
                    1.58                      0.17881466
                   1.582                      0.17805618
                   1.584                      0.17730041
                   1.586                      0.17654739
               1.5880001                      0.17579731
                    1.59                      0.17505041
                   1.592                      0.17430684
                   1.594                      0.17356692
                   1.596                      0.17283095
                   1.598                      0.17209925
                     1.6                      0.17137218
                   1.602                      0.17065006
                   1.604                      0.16993321
               1.6059999                      0.16922198
                   1.608                      0.16851661
                    1.61                       0.1678174
                   1.612                      0.16712457
                   1.614                      0.16643827
               1.6160001                      0.16575864
                   1.618                      0.16508575
                    1.62                      0.16441965
                   1.622                      0.16376027
                   1.624                      0.16310759
                   1.626                      0.16246137
                   1.628                      0.16182153
                    1.63                      0.16118774
                   1.632                      0.16055973
               1.6339999                       0.1599372
                   1.636                       0.1593198
                   1.638                      0.15870716
                    1.64                      0.15809886
                   1.642                      0.15749453
               1.6440001                      0.15689376
                   1.646                      0.15629615
                   1.648                      0.15570129
                    1.65                      0.15510887
                   1.652                      0.15451856
                   1.654                      0.15393002
                   1.656                      0.15334302
                   1.658                      0.15275735
                    1.66                      0.15217283
               1.6619999                      0.15158936
                   1.664                      0.15100685
                   1.666                      0.15042529
                   1.668                      0.14984471
                    1.67                      0.14926514
               1.6720001                      0.14868674
                   1.674                      0.14810964
                   1.676                      0.14753406
                   1.678                      0.14696015
               1.6799999                       0.1463882
                   1.682                      0.14581838
                   1.684                      0.14525098
                   1.686                      0.14468622
                   1.688                      0.14412434
               1.6900001                      0.14356555
                   1.692                      0.14301015
                   1.694                       0.1424582
                   1.696                      0.14190967
                   1.698                      0.14136466
                     1.7                      0.14082368
                   1.702                       0.1402863
                   1.704                      0.13975255
                   1.706                      0.13922206
               1.7079999                      0.13869531
                    1.71                      0.13817143
                   1.712                       0.1376504
                   1.714                       0.1371323
                   1.716                      0.13661666
               1.7180001                      0.13610274
                    1.72                      0.13559058
                   1.722                      0.13507968
                   1.724                      0.13456964
                   1.726                      0.13406004
                   1.728                      0.13355048
                    1.73                      0.13304064
                   1.732                      0.13253011
                   1.734                       0.1320186
               1.7359999                      0.13150579
                   1.738                      0.13099141
                    1.74                      0.13047525
                   1.742                      0.12995718
                   1.744                      0.12943706
               1.7460001                      0.12891486
                   1.748                      0.12839055
                    1.75                      0.12786412
                   1.752                      0.12733579
               1.7539999                      0.12680559
                   1.756                       0.1262738
                   1.758                      0.12574057
                    1.76                      0.12520623
                   1.762                      0.12467101
               1.7640001                      0.12413527
                   1.766                      0.12359932
                   1.768                      0.12306348
                    1.77                      0.12252809
                   1.772                      0.12199344
                   1.774                      0.12145985
                   1.776                      0.12092757
                   1.778                      0.12039685
                    1.78                       0.1198679
               1.7819999                      0.11934083
                   1.784                      0.11881579
                   1.786                      0.11829279
                   1.788                      0.11777186
                    1.79                      0.11725294
               1.7920001                      0.11673588
                   1.794                      0.11622056
                   1.796                      0.11570677
                   1.798                      0.11519422
                     1.8                      0.11468262
                   1.802                      0.11417162
                   1.804                      0.11366086
                   1.806                      0.11314996
                   1.808                      0.11263851
               1.8099999                      0.11212609
                   1.812                      0.11161232
                   1.814                      0.11109678
                   1.816                      0.11057911
                   1.818                      0.11005896
               1.8200001                      0.10953604
                   1.822                      0.10901006
                   1.824                      0.10848078
                   1.826                      0.10794808
               1.8279999                      0.10741184
                    1.83                      0.10687198
                   1.832                      0.10632855
                   1.834                      0.10578159
                   1.836                      0.10523123
               1.8380001                      0.10467768
                    1.84                      0.10412116
                   1.842                      0.10356197
                   1.844                      0.10300043
                   1.846                       0.1024369
                   1.848                       0.1018718
                    1.85                      0.10130552
                   1.852                      0.10073847
                   1.854                      0.10017108
               1.8559999                     0.099603765
                   1.858                     0.099036932
                    1.86                     0.098470926
                   1.862                      0.09790609
                   1.864                     0.097342722
               1.8660001                     0.096781038
                   1.868                     0.096221238
                    1.87                     0.095663458
                   1.872                     0.095107742
                   1.874                     0.094554074
                   1.876                     0.094002403
                   1.878                     0.093452595
                    1.88                     0.092904419
                   1.882                     0.092357643
               1.8839999                     0.091811948
                   1.886                      0.09126696
                   1.888                     0.090722263
                    1.89                     0.090177447
                   1.892                     0.089632012
               1.8940001                      0.08908549
                   1.896                     0.088537395
                   1.898                     0.087987229
                     1.9                     0.087434575
                   1.902                     0.086878933
                   1.904                     0.086319916
                   1.906                     0.085757181
                   1.908                     0.085190386
                    1.91                     0.084619299
               1.9119999                     0.084043719
                   1.914                      0.08346355
                   1.916                     0.082878716
                   1.918                     0.082289256
                    1.92                     0.081695288
               1.9220001                     0.081096984
                   1.924                     0.080494575
                   1.926                     0.079888403
                   1.928                     0.079278827
               1.9299999                     0.078666292
                   1.932                     0.078051247
                   1.934                     0.077434219
                   1.936                     0.076815754
                   1.938                     0.076196395
               1.9400001                       0.0755767
                   1.942                     0.074957237
                   1.944                     0.074338533
                   1.946                     0.073721088
                   1.948                     0.073105372
                    1.95                     0.072491825
                   1.952                     0.071880795
                   1.954                     0.071272582
                   1.956                     0.070667431
               1.9579999                     0.070065476
                    1.96                     0.069466807
                   1.962                     0.068871416
                   1.964                     0.068279222
                   1.966                      0.06769006
               1.9680001                     0.067103684
                    1.97                     0.066519797
                   1.972                     0.065938011
                   1.974                     0.065357916
                   1.976                     0.064779021
                   1.978                     0.064200826
                    1.98                     0.063622765
                   1.982                     0.063044302
                   1.984                     0.062464852
               1.9859999                     0.061883893
                   1.988                      0.06130087
                    1.99                     0.060715284
                   1.992                     0.060126692
                   1.994                     0.059534669
               1.9960001                     0.058938872
                   1.998                     0.058339022
                       2                     0.057734933

