        Frequency / GHz                S2,2/real
----------------------------------------------------------------------
                       0                      0.99996066
            0.0020000001                      0.99996066
            0.0040000002                       0.9999606
            0.0060000001                      0.99996042
            0.0080000004                      0.99996024
            0.0099999998                      0.99996001
                   0.012                      0.99995953
                   0.014                      0.99995887
             0.016000001                      0.99995804
             0.017999999                      0.99995685
                    0.02                      0.99995536
                   0.022                      0.99995351
                   0.024                      0.99995112
             0.026000001                      0.99994838
             0.028000001                      0.99994493
             0.029999999                      0.99994081
             0.032000002                       0.9999361
             0.034000002                      0.99993068
             0.035999998                      0.99992442
             0.037999999                      0.99991739
             0.039999999                      0.99990952
             0.041999999                      0.99990076
                   0.044                       0.9998911
                   0.046                      0.99988067
                   0.048                      0.99986929
             0.050000001                      0.99985701
             0.052000001                      0.99984396
             0.054000001                      0.99983001
             0.056000002                      0.99981529
             0.057999998                      0.99979979
             0.059999999                      0.99978364
             0.061999999                      0.99976677
             0.064000003                      0.99974936
                   0.066                       0.9997313
             0.068000004                      0.99971282
                    0.07                      0.99969393
             0.071999997                      0.99967456
             0.074000001                      0.99965495
             0.075999998                      0.99963504
             0.078000002                      0.99961495
             0.079999998                      0.99959457
             0.082000002                      0.99957412
             0.083999999                      0.99955356
             0.086000003                      0.99953288
                   0.088                      0.99951214
             0.090000004                      0.99949127
                   0.092                      0.99947029
             0.093999997                      0.99944925
             0.096000001                      0.99942809
             0.097999997                      0.99940675
                     0.1                       0.9993853
                   0.102                      0.99936366
                   0.104                      0.99934167
                   0.106                      0.99931937
                   0.108                      0.99929672
                    0.11                      0.99927354
                   0.112                      0.99924994
                   0.114                      0.99922574
                   0.116                      0.99920088
                   0.118                      0.99917537
                    0.12                      0.99914914
                   0.122                      0.99912208
                   0.124                      0.99909425
                   0.126                       0.9990654
              0.12800001                      0.99903572
                    0.13                      0.99900502
                   0.132                      0.99897343
                   0.134                      0.99894089
              0.13600001                      0.99890727
                   0.138                       0.9988727
                    0.14                      0.99883723
                   0.142                      0.99880075
              0.14399999                      0.99876332
                   0.146                      0.99872506
                   0.148                      0.99868596
              0.15000001                      0.99864608
                   0.152                      0.99860549
                   0.154                      0.99856418
                   0.156                      0.99852228
              0.15800001                      0.99847978
                    0.16                      0.99843681
                   0.162                      0.99839336
                   0.164                      0.99834949
              0.16599999                       0.9983052
                   0.168                      0.99826062
                    0.17                      0.99821579
              0.17200001                      0.99817079
              0.17399999                      0.99812543
                   0.176                      0.99807984
                   0.178                      0.99803406
              0.18000001                      0.99798805
                   0.182                      0.99794179
                   0.184                      0.99789524
                   0.186                      0.99784845
              0.18799999                      0.99780124
                    0.19                      0.99775374
                   0.192                      0.99770582
              0.19400001                      0.99765742
              0.19599999                      0.99760836
                   0.198                      0.99755871
                     0.2                      0.99750841
              0.20200001                      0.99745733
                   0.204                      0.99740535
                   0.206                      0.99735254
                   0.208                      0.99729878
              0.20999999                      0.99724394
                   0.212                      0.99718803
                   0.214                      0.99713099
              0.21600001                      0.99707282
              0.21799999                      0.99701339
                    0.22                      0.99695271
                   0.222                      0.99689078
              0.22400001                      0.99682766
                   0.226                      0.99676317
                   0.228                      0.99669743
                    0.23                      0.99663055
              0.23199999                      0.99656236
                   0.234                      0.99649298
                   0.236                      0.99642247
              0.23800001                      0.99635082
              0.23999999                      0.99627811
                   0.242                      0.99620444
                   0.244                      0.99612981
              0.24600001                      0.99605423
                   0.248                      0.99597788
                    0.25                      0.99590075
                   0.252                      0.99582279
              0.25400001                      0.99574417
              0.25600001                      0.99566495
              0.25799999                      0.99558508
              0.25999999                      0.99550468
              0.26199999                      0.99542361
                   0.264                      0.99534208
                   0.266                      0.99525988
              0.26800001                      0.99517715
              0.27000001                      0.99509388
              0.27200001                       0.9950099
              0.27399999                      0.99492538
              0.27599999                      0.99484009
                   0.278                      0.99475408
                    0.28                      0.99466717
              0.28200001                      0.99457943
              0.28400001                       0.9944908
              0.28600001                       0.9944011
              0.28799999                       0.9943102
              0.28999999                      0.99421823
                   0.292                      0.99412489
                   0.294                      0.99403024
                   0.296                      0.99393404
              0.29800001                       0.9938364
              0.30000001                      0.99373716
              0.30199999                      0.99363637
              0.30399999                      0.99353373
              0.30599999                      0.99342942
                   0.308                      0.99332327
                    0.31                      0.99321526
              0.31200001                      0.99310547
              0.31400001                      0.99299377
              0.31600001                      0.99288028
              0.31799999                      0.99276489
              0.31999999                      0.99264759
                   0.322                      0.99252856
                   0.324                       0.9924078
              0.32600001                      0.99228519
              0.32800001                      0.99216098
              0.33000001                      0.99203497
              0.33199999                      0.99190748
              0.33399999                      0.99177843
                   0.336                      0.99164784
                   0.338                      0.99151582
                    0.34                      0.99138248
              0.34200001                      0.99124771
              0.34400001                      0.99111164
              0.34599999                      0.99097437
              0.34799999                      0.99083579
              0.34999999                      0.99069589
                   0.352                      0.99055487
                   0.354                      0.99041253
              0.35600001                      0.99026906
              0.35800001                      0.99012417
              0.36000001                      0.98997802
              0.36199999                      0.98983049
              0.36399999                       0.9896816
                   0.366                      0.98953122
                   0.368                      0.98937923
                    0.37                      0.98922557
              0.37200001                      0.98907024
              0.37400001                      0.98891294
              0.37599999                       0.9887538
              0.37799999                      0.98859262
                    0.38                      0.98842925
                   0.382                      0.98826367
                   0.384                       0.9880957
              0.38600001                      0.98792529
              0.38800001                      0.98775238
              0.38999999                      0.98757678
              0.39199999                      0.98739851
              0.39399999                      0.98721737
                   0.396                      0.98703343
                   0.398                      0.98684663
              0.40000001                      0.98665673
              0.40200001                       0.9864639
              0.40400001                      0.98626804
              0.40599999                       0.9860692
              0.40799999                      0.98586732
                    0.41                       0.9856624
                   0.412                      0.98545444
                   0.414                       0.9852435
              0.41600001                       0.9850297
              0.41800001                      0.98481297
              0.41999999                      0.98459315
              0.42199999                      0.98437065
              0.42399999                      0.98414522
                   0.426                        0.983917
                   0.428                      0.98368603
              0.43000001                       0.9834525
              0.43200001                      0.98321611
              0.43399999                      0.98297715
              0.43599999                      0.98273546
              0.43799999                      0.98249108
                    0.44                      0.98224407
                   0.442                      0.98199421
              0.44400001                      0.98174179
              0.44600001                       0.9814865
              0.44800001                      0.98122829
              0.44999999                      0.98096728
              0.45199999                      0.98070312
                   0.454                      0.98043597
                   0.456                      0.98016548
                   0.458                      0.97989172
              0.46000001                      0.97961456
              0.46200001                       0.9793337
              0.46399999                      0.97904909
              0.46599999                      0.97876066
              0.46799999                      0.97846824
                    0.47                      0.97817153
                   0.472                      0.97787058
              0.47400001                      0.97756511
              0.47600001                      0.97725511
              0.47799999                      0.97694027
              0.47999999                      0.97662061
              0.48199999                      0.97629595
                   0.484                      0.97596622
                   0.486                      0.97563124
              0.48800001                      0.97529107
              0.49000001                      0.97494543
              0.49200001                      0.97459441
              0.49399999                      0.97423792
              0.49599999                      0.97387588
                   0.498                      0.97350818
                     0.5                      0.97313488
              0.50199997                      0.97275597
              0.50400001                      0.97237146
              0.50599998                      0.97198123
              0.50800002                      0.97158527
              0.50999999                      0.97118366
              0.51200002                      0.97077638
                   0.514                      0.97036344
              0.51599997                      0.96994478
              0.51800001                      0.96952027
              0.51999998                      0.96909004
              0.52200001                      0.96865398
              0.52399999                      0.96821207
              0.52600002                      0.96776414
                   0.528                      0.96731043
              0.52999997                      0.96685046
              0.53200001                      0.96638441
              0.53399998                      0.96591198
              0.53600001                      0.96543318
              0.53799999                      0.96494764
              0.54000002                      0.96445543
                   0.542                       0.9639563
              0.54400003                      0.96345001
                   0.546                      0.96293622
              0.54799998                       0.9624151
              0.55000001                      0.96188617
              0.55199999                      0.96134913
              0.55400002                      0.96080387
              0.55599999                       0.9602502
              0.55800003                      0.95968777
                    0.56                      0.95911622
              0.56199998                      0.95853567
              0.56400001                      0.95794564
              0.56599998                       0.9573459
              0.56800002                      0.95673621
              0.56999999                      0.95611644
              0.57200003                      0.95548636
                   0.574                      0.95484585
              0.57599998                      0.95419461
              0.57800001                      0.95353252
              0.57999998                      0.95285934
              0.58200002                      0.95217508
              0.58399999                      0.95147961
              0.58600003                      0.95077264
                   0.588                      0.95005417
              0.58999997                      0.94932407
              0.59200001                      0.94858223
              0.59399998                      0.94782865
              0.59600002                      0.94706303
              0.59799999                      0.94628537
              0.60000002                      0.94549561
                   0.602                      0.94469351
              0.60399997                      0.94387901
              0.60600001                      0.94305211
              0.60799998                       0.9422124
              0.61000001                      0.94135994
              0.61199999                      0.94049436
              0.61400002                      0.93961561
                   0.616                      0.93872344
              0.61799997                      0.93781751
                    0.62                      0.93689764
              0.62199998                      0.93596339
              0.62400001                      0.93501461
              0.62599999                       0.9340508
              0.62800002                      0.93307167
                    0.63                      0.93207675
              0.63200003                      0.93106574
                   0.634                      0.93003815
              0.63599998                      0.92899358
              0.63800001                      0.92793143
              0.63999999                      0.92685127
              0.64200002                       0.9257527
              0.64399999                      0.92463505
              0.64600003                      0.92349786
                   0.648                      0.92234081
              0.64999998                      0.92116308
              0.65200001                      0.91996449
              0.65399998                      0.91874433
              0.65600002                      0.91750216
              0.65799999                      0.91623747
              0.66000003                      0.91494989
                   0.662                      0.91363889
              0.66399997                       0.9123041
              0.66600001                      0.91094506
              0.66799998                      0.90956122
              0.67000002                       0.9081524
              0.67199999                      0.90671808
              0.67400002                      0.90525794
                   0.676                      0.90377164
              0.67799997                      0.90225887
              0.68000001                      0.90071905
              0.68199998                      0.89915198
              0.68400002                      0.89755732
              0.68599999                      0.89593458
              0.68800002                      0.89428359
                    0.69                       0.8926037
              0.69199997                      0.89089471
              0.69400001                      0.88915604
              0.69599998                      0.88738722
              0.69800001                      0.88558781
              0.69999999                      0.88375717
              0.70200002                      0.88189477
                   0.704                            0.88
              0.70599997                      0.87807214
                   0.708                      0.87611049
              0.70999998                       0.8741141
              0.71200001                      0.87208235
              0.71399999                      0.87001425
              0.71600002                       0.8679089
              0.71799999                      0.86576521
              0.72000003                      0.86358219
                   0.722                      0.86135876
              0.72399998                      0.85909379
              0.72600001                      0.85678607
              0.72799999                      0.85443443
              0.73000002                      0.85203749
              0.73199999                      0.84959412
              0.73400003                        0.847103
                   0.736                      0.84456259
              0.73799998                      0.84197181
              0.74000001                      0.83932924
              0.74199998                      0.83663338
              0.74400002                      0.83388299
              0.74599999                       0.8310768
              0.74800003                      0.82821333
                    0.75                      0.82529134
              0.75199997                      0.82230949
              0.75400001                       0.8192665
              0.75599998                       0.8161611
              0.75800002                      0.81299198
              0.75999999                      0.80975807
              0.76200002                        0.806458
                   0.764                      0.80309069
              0.76599997                      0.79965484
              0.76800001                      0.79614955
              0.76999998                      0.79257339
              0.77200001                      0.78892547
              0.77399999                      0.78520441
              0.77600002                      0.78140932
                   0.778                       0.7775389
              0.77999997                        0.773592
              0.78200001                      0.76956749
              0.78399998                      0.76546407
              0.78600001                      0.76128072
              0.78799999                      0.75701594
              0.79000002                       0.7526685
                   0.792                      0.74823701
              0.79400003                      0.74372005
                   0.796                      0.73911619
              0.79799998                      0.73442388
              0.80000001                      0.72964156
              0.80199999                      0.72476768
              0.80400002                      0.71980041
              0.80599999                      0.71473825
              0.80800003                      0.70957929
                    0.81                      0.70432198
              0.81199998                       0.6989643
              0.81400001                      0.69350457
              0.81599998                      0.68794101
              0.81800002                       0.6822719
              0.81999999                      0.67649549
              0.82200003                      0.67061007
                   0.824                      0.66461408
              0.82599998                      0.65850616
              0.82800001                      0.65228486
              0.82999998                      0.64594907
              0.83200002                      0.63949758
              0.83399999                      0.63292974
              0.83600003                      0.62624466
                   0.838                      0.61944222
              0.83999997                      0.61252213
              0.84200001                      0.60548455
              0.84399998                      0.59832984
              0.84600002                      0.59105903
              0.84799999                        0.583673
              0.85000002                      0.57617331
                   0.852                      0.56856185
              0.85399997                      0.56084079
              0.85600001                      0.55301291
              0.85799998                      0.54508126
              0.86000001                      0.53704917
              0.86199999                      0.52892065
              0.86400002                      0.52070004
                   0.866                      0.51239216
              0.86799997                      0.50400192
                    0.87                      0.49553511
              0.87199998                      0.48699751
              0.87400001                      0.47839552
              0.87599999                       0.4697358
              0.87800002                      0.46102536
                    0.88                      0.45227155
              0.88200003                      0.44348204
                   0.884                      0.43466467
              0.88599998                       0.4258275
              0.88800001                      0.41697899
              0.88999999                      0.40812758
              0.89200002                      0.39928186
              0.89399999                       0.3904506
              0.89600003                      0.38164261
                   0.898                       0.3728666
              0.89999998                      0.36413163
              0.90200001                      0.35544622
              0.90399998                      0.34681916
              0.90600002                       0.3382591
              0.90799999                      0.32977441
              0.91000003                      0.32137328
                   0.912                      0.31306389
              0.91399997                       0.3048538
              0.91600001                      0.29675075
              0.91799998                      0.28876194
              0.92000002                      0.28089416
              0.92199999                      0.27315408
              0.92400002                       0.2655479
                   0.926                      0.25808153
              0.92799997                      0.25076032
              0.93000001                      0.24358939
              0.93199998                       0.2365734
              0.93400002                      0.22971663
              0.93599999                      0.22302294
              0.93800002                      0.21649574
                    0.94                      0.21013808
              0.94199997                      0.20395261
              0.94400001                      0.19794168
              0.94599998                       0.1921071
              0.94800001                      0.18645042
              0.94999999                      0.18097274
              0.95200002                        0.175675
                   0.954                      0.17055771
              0.95599997                      0.16562107
                   0.958                      0.16086501
              0.95999998                      0.15628929
              0.96200001                      0.15189332
              0.96399999                      0.14767639
              0.96600002                      0.14363757
              0.96799999                      0.13977581
              0.97000003                      0.13608982
                   0.972                      0.13257825
              0.97399998                      0.12923978
              0.97600001                      0.12607278
              0.97799999                      0.12307574
              0.98000002                      0.12024711
              0.98199999                      0.11758526
              0.98400003                      0.11508866
                   0.986                       0.1127557
              0.98799998                      0.11058494
              0.99000001                      0.10857487
              0.99199998                      0.10672417
              0.99400002                      0.10503154
              0.99599999                      0.10349575
              0.99800003                       0.1021158
                       1                      0.10089064
                   1.002                     0.099819407
               1.0039999                     0.098901361
                   1.006                     0.098135889
                   1.008                      0.09752246
                    1.01                     0.097060688
                   1.012                     0.096750282
               1.0140001                     0.096591078
                   1.016                     0.096582994
                   1.018                      0.09672603
                    1.02                     0.097020276
                   1.022                     0.097465917
                   1.024                     0.098063141
                   1.026                     0.098812222
                   1.028                      0.09971343
                    1.03                      0.10076708
               1.0319999                      0.10197344
                   1.034                      0.10333279
                   1.036                      0.10484535
                   1.038                      0.10651127
                    1.04                      0.10833066
               1.0420001                      0.11030351
                   1.044                      0.11242968
                   1.046                      0.11470893
                   1.048                      0.11714087
                    1.05                      0.11972493
                   1.052                      0.12246037
                   1.054                      0.12534626
                   1.056                      0.12838148
                   1.058                      0.13156465
               1.0599999                      0.13489419
                   1.062                      0.13836832
                   1.064                      0.14198498
                   1.066                      0.14574184
                   1.068                       0.1496364
               1.0700001                      0.15366584
                   1.072                      0.15782712
                   1.074                      0.16211699
                   1.076                      0.16653192
               1.0779999                      0.17106815
                    1.08                      0.17572173
                   1.082                      0.18048853
                   1.084                       0.1853641
                   1.086                      0.19034398
               1.0880001                      0.19542345
                    1.09                      0.20059769
                   1.092                      0.20586169
                   1.094                      0.21121041
                   1.096                       0.2166387
                   1.098                      0.22214136
                     1.1                      0.22771312
                   1.102                       0.2333488
                   1.104                      0.23904312
               1.1059999                      0.24479081
                   1.108                      0.25058681
                    1.11                      0.25642598
                   1.112                      0.26230332
                   1.114                      0.26821405
               1.1160001                      0.27415338
                   1.118                      0.28011674
                    1.12                       0.2860997
                   1.122                      0.29209805
                   1.124                      0.29810771
                   1.126                      0.30412486
                   1.128                       0.3101458
                    1.13                      0.31616709
                   1.132                      0.32218558
               1.1339999                      0.32819819
                   1.136                      0.33420214
                   1.138                      0.34019479
                    1.14                      0.34617382
                   1.142                      0.35213703
               1.1440001                      0.35808229
                   1.146                      0.36400792
                   1.148                      0.36991209
                    1.15                      0.37579337
                   1.152                      0.38165036
                   1.154                      0.38748175
                   1.156                      0.39328644
                   1.158                      0.39906335
                    1.16                      0.40481144
               1.1619999                      0.41052988
                   1.164                      0.41621774
                   1.166                      0.42187414
                   1.168                      0.42749831
                    1.17                      0.43308955
               1.1720001                      0.43864688
                   1.174                      0.44416955
                   1.176                      0.44965684
                   1.178                      0.45510778
               1.1799999                      0.46052161
                   1.182                      0.46589723
                   1.184                      0.47123402
                   1.186                      0.47653073
                   1.188                      0.48178652
               1.1900001                      0.48700038
                   1.192                      0.49217129
                   1.194                      0.49729809
                   1.196                      0.50237978
                   1.198                      0.50741553
                     1.2                      0.51240402
                   1.202                      0.51734442
                   1.204                      0.52223551
                   1.206                      0.52707672
               1.2079999                      0.53186679
                    1.21                      0.53660518
                   1.212                      0.54129094
                   1.214                      0.54592353
                   1.216                       0.5505023
               1.2180001                      0.55502671
                    1.22                      0.55949652
                   1.222                      0.56391126
                   1.224                      0.56827086
                   1.226                      0.57257527
                   1.228                      0.57682443
                    1.23                      0.58101863
                   1.232                      0.58515811
                   1.234                      0.58924317
               1.2359999                      0.59327447
                   1.238                      0.59725237
                    1.24                      0.60117769
                   1.242                      0.60505116
                   1.244                      0.60887355
               1.2460001                       0.6126458
                   1.248                      0.61636877
                    1.25                       0.6200434
                   1.252                      0.62367076
               1.2539999                      0.62725174
                   1.256                      0.63078743
                   1.258                      0.63427877
                    1.26                      0.63772672
                   1.262                      0.64113218
               1.2640001                      0.64449596
                   1.266                      0.64781898
                   1.268                      0.65110201
                    1.27                      0.65434569
                   1.272                      0.65755063
                   1.274                      0.66071737
                   1.276                      0.66384643
                   1.278                      0.66693813
                    1.28                      0.66999263
               1.2819999                      0.67301041
                   1.284                      0.67599142
                   1.286                      0.67893577
                   1.288                      0.68184352
                    1.29                      0.68471456
               1.2920001                      0.68754876
                   1.294                      0.69034606
                   1.296                      0.69310611
                   1.298                      0.69582897
                     1.3                      0.69851422
                   1.302                      0.70116174
                   1.304                      0.70377135
                   1.306                      0.70634276
                   1.308                      0.70887601
               1.3099999                      0.71137089
                   1.312                      0.71382737
                   1.314                      0.71624547
                   1.316                      0.71862531
                   1.318                      0.72096699
               1.3200001                      0.72327077
                   1.322                      0.72553688
                   1.324                      0.72776586
                   1.326                      0.72995794
               1.3279999                      0.73211396
                    1.33                      0.73423421
                   1.332                      0.73631978
                   1.334                      0.73837113
                   1.336                      0.74038929
               1.3380001                      0.74237502
                    1.34                      0.74432927
                   1.342                      0.74625313
                   1.344                      0.74814755
                   1.346                      0.75001353
                   1.348                      0.75185215
                    1.35                      0.75366443
                   1.352                       0.7554515
                   1.354                      0.75721425
               1.3559999                      0.75895363
                   1.358                      0.76067066
                    1.36                      0.76236635
                   1.362                      0.76404124
                   1.364                      0.76569641
               1.3660001                      0.76733238
                   1.368                      0.76894975
                    1.37                      0.77054924
                   1.372                      0.77213132
                   1.374                      0.77369612
                   1.376                      0.77524436
                   1.378                      0.77677608
                    1.38                      0.77829134
                   1.382                      0.77979052
               1.3839999                      0.78127354
                   1.386                      0.78274029
                   1.388                      0.78419077
                    1.39                      0.78562492
                   1.392                      0.78704262
               1.3940001                      0.78844351
                   1.396                       0.7898277
                   1.398                       0.7911948
                     1.4                      0.79254454
                   1.402                      0.79387689
                   1.404                      0.79519176
                   1.406                      0.79648882
                   1.408                        0.797768
                    1.41                      0.79902929
               1.4119999                       0.8002727
                   1.414                      0.80149817
                   1.416                      0.80270571
                   1.418                      0.80389565
                    1.42                      0.80506802
               1.4220001                      0.80622309
                   1.424                      0.80736125
                   1.426                      0.80848271
                   1.428                      0.80958802
               1.4299999                      0.81067753
                   1.432                      0.81175178
                   1.434                       0.8128112
                   1.436                      0.81385648
                   1.438                      0.81488812
               1.4400001                      0.81590682
                   1.442                      0.81691313
                   1.444                      0.81790757
                   1.446                      0.81889093
                   1.448                      0.81986374
                    1.45                      0.82082647
                   1.452                      0.82177979
                   1.454                      0.82272416
                   1.456                      0.82366014
               1.4579999                        0.824588
                    1.46                      0.82550842
                   1.462                       0.8264215
                   1.464                      0.82732755
                   1.466                      0.82822675
               1.4680001                      0.82911956
                    1.47                      0.83000588
                   1.472                      0.83088583
                   1.474                      0.83175957
                   1.476                      0.83262676
                   1.478                      0.83348763
                    1.48                      0.83434206
                   1.482                      0.83518976
                   1.484                      0.83603072
               1.4859999                      0.83686465
                   1.488                      0.83769143
                    1.49                      0.83851075
                   1.492                      0.83932251
                   1.494                      0.84012651
               1.4960001                      0.84092242
                   1.498                      0.84171015
                     1.5                      0.84248942
                   1.502                      0.84326035
               1.5039999                      0.84402251
                   1.506                      0.84477592
                   1.508                      0.84552068
                    1.51                      0.84625655
                   1.512                      0.84698361
               1.5140001                      0.84770197
                   1.516                      0.84841168
                   1.518                      0.84911299
                    1.52                      0.84980583
                   1.522                      0.85049057
                   1.524                      0.85116738
                   1.526                       0.8518365
                   1.528                      0.85249817
                    1.53                      0.85315263
               1.5319999                      0.85380042
                   1.534                      0.85444158
                   1.536                      0.85507655
                   1.538                      0.85570556
                    1.54                      0.85632896
               1.5420001                      0.85694695
                   1.544                      0.85755998
                   1.546                      0.85816813
                   1.548                      0.85877168
                    1.55                      0.85937095
                   1.552                      0.85996598
                   1.554                      0.86055684
                   1.556                      0.86114395
                   1.558                      0.86172712
               1.5599999                      0.86230648
                   1.562                      0.86288214
                   1.564                      0.86345416
                   1.566                      0.86402237
                   1.568                      0.86458677
               1.5700001                      0.86514735
                   1.572                      0.86570394
                   1.574                      0.86625659
                   1.576                      0.86680502
               1.5779999                      0.86734921
                    1.58                      0.86788911
                   1.582                      0.86842459
                   1.584                      0.86895543
                   1.586                      0.86948174
               1.5880001                      0.87000322
                    1.59                      0.87051994
                   1.592                      0.87103176
                   1.594                      0.87153882
                   1.596                      0.87204081
                   1.598                      0.87253797
                     1.6                       0.8730303
                   1.602                      0.87351781
                   1.604                      0.87400061
               1.6059999                      0.87447876
                   1.608                       0.8749525
                    1.61                      0.87542176
                   1.612                       0.8758868
                   1.614                      0.87634766
               1.6160001                      0.87680459
                   1.618                      0.87725788
                    1.62                      0.87770754
                   1.622                      0.87815368
                   1.624                      0.87859672
                   1.626                      0.87903661
                   1.628                      0.87947351
                    1.63                      0.87990761
                   1.632                      0.88033897
               1.6339999                      0.88076788
                   1.636                      0.88119411
                   1.638                       0.8816179
                    1.64                      0.88203931
                   1.642                      0.88245833
               1.6440001                      0.88287491
                   1.646                      0.88328898
                   1.648                      0.88370067
                    1.65                      0.88410974
                   1.652                      0.88451612
                   1.654                      0.88491976
                   1.656                       0.8853206
                   1.658                      0.88571841
                    1.66                      0.88611317
               1.6619999                      0.88650471
                   1.664                      0.88689291
                   1.666                      0.88727766
                   1.668                      0.88765889
                    1.67                      0.88803655
               1.6720001                      0.88841039
                   1.674                      0.88878047
                   1.676                       0.8891468
                   1.678                       0.8895092
               1.6799999                      0.88986784
                   1.682                      0.89022273
                   1.684                      0.89057386
                   1.686                      0.89092129
                   1.688                      0.89126521
               1.6900001                      0.89160573
                   1.692                      0.89194298
                   1.694                      0.89227712
                   1.696                      0.89260834
                   1.698                      0.89293671
                     1.7                      0.89326274
                   1.702                      0.89358634
                   1.704                      0.89390796
                   1.706                      0.89422762
               1.7079999                      0.89454561
                    1.71                      0.89486217
                   1.712                      0.89517748
                   1.714                      0.89549148
                   1.716                      0.89580452
               1.7180001                      0.89611679
                    1.72                      0.89642835
                   1.722                      0.89673907
                   1.724                      0.89704919
                   1.726                      0.89735872
                   1.728                      0.89766747
                    1.73                      0.89797568
                   1.732                        0.898283
                   1.734                      0.89858931
               1.7359999                      0.89889473
                   1.738                      0.89919895
                    1.74                       0.8995018
                   1.742                      0.89980304
                   1.744                      0.90010256
               1.7460001                      0.90039998
                   1.748                      0.90069526
                    1.75                       0.9009881
                   1.752                      0.90127838
               1.7539999                      0.90156579
                   1.756                      0.90185022
                   1.758                      0.90213138
                    1.76                      0.90240914
                   1.762                      0.90268356
               1.7640001                      0.90295422
                   1.766                      0.90322137
                   1.768                      0.90348476
                    1.77                      0.90374452
                   1.772                      0.90400058
                   1.774                      0.90425307
                   1.776                      0.90450209
                   1.778                      0.90474778
                    1.78                      0.90499026
               1.7819999                      0.90522969
                   1.784                       0.9054665
                   1.786                      0.90570068
                   1.788                      0.90593261
                    1.79                      0.90616262
               1.7920001                      0.90639079
                   1.794                      0.90661764
                   1.796                      0.90684336
                   1.798                      0.90706813
                     1.8                      0.90729231
                   1.802                      0.90751612
                   1.804                      0.90773976
                   1.806                      0.90796351
                   1.808                      0.90818739
               1.8099999                      0.90841168
                   1.812                      0.90863651
                   1.814                      0.90886182
                   1.816                      0.90908778
                   1.818                      0.90931416
               1.8200001                      0.90954113
                   1.822                      0.90976846
                   1.824                      0.90999615
                   1.826                      0.91022402
               1.8279999                      0.91045183
                    1.83                       0.9106794
                   1.832                      0.91090655
                   1.834                      0.91113293
                   1.836                      0.91135836
               1.8380001                      0.91158247
                    1.84                      0.91180509
                   1.842                      0.91202593
                   1.844                      0.91224462
                   1.846                      0.91246098
                   1.848                      0.91267478
                    1.85                      0.91288579
                   1.852                      0.91309375
                   1.854                      0.91329849
               1.8559999                      0.91350001
                   1.858                      0.91369814
                    1.86                      0.91389292
                   1.862                      0.91408414
                   1.864                      0.91427189
               1.8660001                      0.91445631
                   1.868                      0.91463745
                    1.87                      0.91481549
                   1.872                      0.91499043
                   1.874                      0.91516256
                   1.876                      0.91533226
                   1.878                      0.91549951
                    1.88                      0.91566473
                   1.882                      0.91582823
               1.8839999                      0.91599005
                   1.886                      0.91615081
                   1.888                      0.91631055
                    1.89                      0.91646963
                   1.892                       0.9166283
               1.8940001                      0.91678679
                   1.896                      0.91694534
                   1.898                      0.91710418
                     1.9                      0.91726339
                   1.902                      0.91742313
                   1.904                      0.91758353
                   1.906                      0.91774464
                   1.908                      0.91790646
                    1.91                      0.91806889
               1.9119999                      0.91823196
                   1.914                       0.9183957
                   1.916                      0.91855985
                   1.918                      0.91872418
                    1.92                      0.91888857
               1.9220001                       0.9190529
                   1.924                      0.91921675
                   1.926                      0.91938013
                   1.928                      0.91954255
               1.9299999                       0.9197039
                   1.932                      0.91986388
                   1.934                      0.92002213
                   1.936                      0.92017853
                   1.938                      0.92033285
               1.9400001                      0.92048472
                   1.942                      0.92063415
                   1.944                      0.92078084
                   1.946                      0.92092478
                   1.948                      0.92106581
                    1.95                      0.92120367
                   1.952                      0.92133868
                   1.954                      0.92147064
                   1.956                      0.92159975
               1.9579999                      0.92172581
                    1.96                      0.92184925
                   1.962                      0.92197001
                   1.964                      0.92208844
                   1.966                      0.92220455
               1.9680001                       0.9223187
                    1.97                      0.92243111
                   1.972                      0.92254192
                   1.974                      0.92265153
                   1.976                      0.92276019
                   1.978                      0.92286807
                    1.98                      0.92297542
                   1.982                      0.92308265
                   1.984                      0.92318976
               1.9859999                      0.92329711
                   1.988                      0.92340481
                    1.99                      0.92351305
                   1.992                      0.92362183
                   1.994                      0.92373139
               1.9960001                      0.92384171
                   1.998                      0.92395282
                       2                      0.92406487

