        Frequency / GHz                S1,3/real
----------------------------------------------------------------------
                       0                   1.9041105e-05
            0.0020000001                   1.8718823e-05
            0.0040000002                   1.7763019e-05
            0.0060000001                   1.6206446e-05
            0.0080000004                   1.4102443e-05
            0.0099999998                   1.1523125e-05
                   0.012                   8.5569209e-06
                   0.014                   5.3055614e-06
             0.016000001                   1.8806059e-06
             0.017999999                  -1.6003609e-06
                    0.02                  -5.0177418e-06
                   0.022                  -8.2540128e-06
                   0.024                  -1.1197728e-05
             0.026000001                  -1.3747352e-05
             0.028000001                  -1.5814705e-05
             0.029999999                  -1.7328019e-05
             0.032000002                  -1.8234346e-05
             0.034000002                  -1.8501505e-05
             0.035999998                  -1.8119041e-05
             0.037999999                  -1.7098751e-05
             0.039999999                  -1.5474243e-05
             0.041999999                  -1.3299823e-05
                   0.044                  -1.0648731e-05
                   0.046                  -7.6105484e-06
                   0.048                  -4.2883589e-06
             0.050000001                  -7.9513961e-07
             0.052000001                    2.750048e-06
             0.054000001                   6.2260269e-06
             0.056000002                   9.5136775e-06
             0.057999998                   1.2499899e-05
             0.059999999                   1.5081631e-05
             0.061999999                   1.7169072e-05
             0.064000003                   1.8688905e-05
                   0.066                   1.9586862e-05
             0.068000004                   1.9829309e-05
                    0.07                   1.9404681e-05
             0.071999997                   1.8323801e-05
             0.074000001                   1.6619259e-05
             0.075999998                   1.4344745e-05
             0.078000002                   1.1572829e-05
             0.079999998                   8.3928289e-06
             0.082000002                   4.9074783e-06
             0.083999999                   1.2296136e-06
             0.086000003                  -2.5217837e-06
                   0.088                   -6.225423e-06
             0.090000004                  -9.7623206e-06
                   0.092                  -1.3019211e-05
             0.093999997                  -1.5893029e-05
             0.096000001                  -1.8294093e-05
             0.097999997                  -2.0149357e-05
                     0.1                   -2.140478e-05
                   0.102                  -2.2027451e-05
                   0.104                  -2.2006479e-05
                   0.106                  -2.1353497e-05
                   0.108                   -2.010243e-05
                    0.11                   -1.830839e-05
                   0.112                  -1.6045566e-05
                   0.114                  -1.3405159e-05
                   0.116                  -1.0491692e-05
                   0.118                   -7.420354e-06
                    0.12                  -4.3124346e-06
                   0.122                  -1.2912229e-06
                   0.124                   1.5216627e-06
                   0.126                   4.0110481e-06
              0.12800001                   6.0715884e-06
                    0.13                   7.6117126e-06
                   0.132                   8.5564552e-06
                   0.134                   8.8505376e-06
              0.13600001                   8.4596004e-06
                   0.138                   7.3720857e-06
                    0.14                   5.5991272e-06
                   0.142                   3.1742122e-06
              0.14399999                   1.5277675e-07
                   0.146                   -3.390488e-06
                   0.148                  -7.3638739e-06
              0.15000001                  -1.1661632e-05
                   0.152                  -1.6167418e-05
                   0.154                   -2.075888e-05
                   0.156                   -2.531099e-05
              0.15800001                  -2.9701176e-05
                    0.16                  -3.3812612e-05
                   0.162                  -3.7539168e-05
                   0.164                  -4.0788309e-05
              0.16599999                  -4.3484593e-05
                   0.168                   -4.557248e-05
                    0.17                  -4.7018049e-05
              0.17200001                  -4.7810245e-05
              0.17399999                  -4.7961363e-05
                   0.176                   -4.750699e-05
                   0.178                  -4.6504396e-05
              0.18000001                  -4.5030705e-05
                   0.182                  -4.3181113e-05
                   0.184                  -4.1064646e-05
                   0.186                  -3.8801114e-05
              0.18799999                    -3.65171e-05
                    0.19                  -3.4341414e-05
                   0.192                  -3.2400851e-05
              0.19400001                  -3.0816136e-05
              0.19599999                  -2.9697218e-05
                   0.198                  -2.9140389e-05
                     0.2                  -2.9223949e-05
              0.20200001                  -3.0006491e-05
                   0.204                  -3.1524305e-05
                   0.206                  -3.3790016e-05
                   0.208                  -3.6792462e-05
              0.20999999                  -4.0497041e-05
                   0.212                  -4.4846416e-05
                   0.214                  -4.9762686e-05
              0.21600001                  -5.5150296e-05
              0.21799999                  -6.0898525e-05
                    0.22                  -6.6885994e-05
                   0.222                   -7.298425e-05
              0.22400001                  -7.9062702e-05
                   0.226                  -8.4992411e-05
                   0.228                  -9.0651134e-05
                    0.23                  -9.5927164e-05
              0.23199999                  -0.00010072334
                   0.234                  -0.00010496068
                   0.236                   -0.0001085805
              0.23800001                  -0.00011154774
              0.23999999                  -0.00011385085
                   0.242                  -0.00011550334
                   0.244                  -0.00011654314
              0.24600001                  -0.00011703134
                   0.248                  -0.00011705054
                    0.25                  -0.00011670192
                   0.252                  -0.00011610216
              0.25400001                  -0.00011537896
              0.25600001                  -0.00011466803
              0.25799999                  -0.00011410739
              0.25999999                   -0.0001138329
              0.26199999                  -0.00011397433
                   0.264                  -0.00011465049
                   0.266                  -0.00011596529
              0.26800001                  -0.00011800411
              0.27000001                  -0.00012083085
              0.27200001                  -0.00012448619
              0.27399999                  -0.00012898527
              0.27599999                  -0.00013431809
                   0.278                   -0.0001404491
                    0.28                  -0.00014731857
              0.28200001                  -0.00015484463
              0.28400001                  -0.00016292598
              0.28600001                  -0.00017144534
              0.28799999                  -0.00018027339
              0.28999999                  -0.00018927288
                   0.292                  -0.00019830365
                   0.294                  -0.00020722793
                   0.296                  -0.00021591371
              0.29800001                  -0.00022424087
              0.30000001                  -0.00023210446
              0.30199999                  -0.00023941853
              0.30399999                  -0.00024611948
              0.30599999                  -0.00025216833
                   0.308                  -0.00025755222
                    0.31                  -0.00026228486
              0.31200001                  -0.00026640706
              0.31400001                   -0.0002699841
              0.31600001                  -0.00027310531
              0.31799999                  -0.00027588024
              0.31999999                   -0.0002784364
                   0.322                  -0.00028091282
                   0.324                  -0.00028345807
              0.32600001                  -0.00028622331
              0.32800001                  -0.00028935887
              0.33000001                  -0.00029300837
              0.33199999                  -0.00029730427
              0.33399999                  -0.00030236214
                   0.336                   -0.0003082797
                   0.338                  -0.00031512996
                    0.34                  -0.00032296142
              0.34200001                  -0.00033179534
              0.34400001                   -0.0003416242
              0.34599999                  -0.00035241322
              0.34799999                  -0.00036410164
              0.34999999                  -0.00037660258
                   0.352                  -0.00038980832
                   0.354                  -0.00040359292
              0.35600001                  -0.00041781657
              0.35800001                  -0.00043232986
              0.36000001                   -0.0004469796
              0.36199999                  -0.00046161373
              0.36399999                  -0.00047608701
                   0.366                  -0.00049026555
                   0.368                  -0.00050403131
                    0.37                  -0.00051728694
              0.37200001                   -0.0005299591
              0.37400001                  -0.00054200139
              0.37599999                  -0.00055339519
              0.37799999                  -0.00056415226
                    0.38                  -0.00057431334
                   0.382                  -0.00058394676
                   0.384                  -0.00059314899
              0.38600001                  -0.00060203759
              0.38800001                  -0.00061075145
              0.38999999                  -0.00061944366
              0.39199999                  -0.00062827842
              0.39399999                  -0.00063742348
                   0.396                  -0.00064704771
                   0.398                   -0.0006573124
              0.40000001                  -0.00066836807
              0.40200001                   -0.0006803486
              0.40400001                  -0.00069336593
              0.40599999                   -0.0007075083
              0.40799999                  -0.00072283554
                    0.41                  -0.00073937693
                   0.412                  -0.00075713213
                   0.414                  -0.00077606831
              0.41600001                  -0.00079612265
              0.41800001                  -0.00081720523
              0.41999999                  -0.00083919941
              0.42199999                  -0.00086196826
              0.42399999                  -0.00088535849
                   0.426                  -0.00090920326
                   0.428                  -0.00093333208
              0.43000001                  -0.00095757231
              0.43200001                  -0.00098175858
              0.43399999                   -0.0010057354
              0.43599999                   -0.0010293656
              0.43799999                   -0.0010525316
                    0.44                    -0.001075144
                   0.442                   -0.0010971415
              0.44400001                   -0.0011184935
              0.44600001                   -0.0011392026
              0.44800001                   -0.0011593051
              0.44999999                   -0.0011788699
              0.45199999                   -0.0011979943
                   0.454                   -0.0012168051
                   0.456                   -0.0012354509
                   0.458                   -0.0012540986
              0.46000001                    -0.001272931
              0.46200001                   -0.0012921361
              0.46399999                   -0.0013119029
              0.46599999                   -0.0013324181
              0.46799999                   -0.0013538536
                    0.47                   -0.0013763685
                   0.472                   -0.0014000963
              0.47400001                   -0.0014251471
              0.47600001                   -0.0014515979
              0.47799999                   -0.0014794938
              0.47999999                   -0.0015088466
              0.48199999                   -0.0015396305
                   0.484                   -0.0015717865
                   0.486                   -0.0016052236
              0.48800001                   -0.0016398205
              0.49000001                   -0.0016754296
              0.49200001                   -0.0017118831
              0.49399999                   -0.0017489973
              0.49599999                   -0.0017865811
                   0.498                   -0.0018244373
                     0.5                   -0.0018623755
              0.50199997                   -0.0019002154
              0.50400001                   -0.0019377915
              0.50599998                   -0.0019749608
              0.50800002                   -0.0020116116
              0.50999999                   -0.0020476568
              0.51200002                   -0.0020830499
                   0.514                   -0.0021177765
              0.51599997                   -0.0021518627
              0.51800001                   -0.0021853689
              0.51999998                   -0.0022183929
              0.52200001                   -0.0022510623
              0.52399999                   -0.0022835333
              0.52600002                   -0.0023159867
                   0.528                   -0.0023486195
              0.52999997                   -0.0023816414
              0.53200001                   -0.0024152626
              0.53399998                    -0.002449695
              0.53600001                   -0.0024851351
              0.53799999                   -0.0025217673
              0.54000002                   -0.0025597517
                   0.542                   -0.0025992193
              0.54400003                   -0.0026402681
                   0.546                   -0.0026829576
              0.54799998                   -0.0027273123
              0.55000001                   -0.0027733112
              0.55199999                   -0.0028208965
              0.55400002                   -0.0028699671
              0.55599999                   -0.0029203903
              0.55800003                   -0.0029719991
                    0.56                   -0.0030245951
              0.56199998                   -0.0030779641
              0.56400001                   -0.0031318716
              0.56599998                   -0.0031860783
              0.56800002                   -0.0032403432
              0.56999999                   -0.0032944295
              0.57200003                   -0.0033481179
                   0.574                   -0.0034012066
              0.57599998                   -0.0034535211
              0.57800001                   -0.0035049196
              0.57999998                   -0.0035552923
              0.58200002                    -0.003604572
              0.58399999                   -0.0036527307
              0.58600003                   -0.0036997763
                   0.588                   -0.0037457617
              0.58999997                   -0.0037907723
              0.59200001                   -0.0038349277
              0.59399998                   -0.0038783718
              0.59600002                   -0.0039212727
              0.59799999                   -0.0039638123
              0.60000002                   -0.0040061767
                   0.602                   -0.0040485561
              0.60399997                   -0.0040911245
              0.60600001                   -0.0041340436
              0.60799998                   -0.0041774493
              0.61000001                   -0.0042214449
              0.61199999                   -0.0042661009
              0.61400002                   -0.0043114359
                   0.616                   -0.0043574357
              0.61799997                   -0.0044040279
                    0.62                   -0.0044510951
              0.62199998                   -0.0044984724
              0.62400001                   -0.0045459508
              0.62599999                   -0.0045932732
              0.62800002                   -0.0046401429
                    0.63                   -0.0046862485
              0.63200003                   -0.0047312351
                   0.634                   -0.0047747372
              0.63599998                   -0.0048163892
              0.63800001                   -0.0048558144
              0.63999999                   -0.0048926435
              0.64200002                   -0.0049265316
              0.64399999                   -0.0049571553
              0.64600003                   -0.0049842098
                   0.648                   -0.0050074444
              0.64999998                   -0.0050266292
              0.65200001                   -0.0050415895
              0.65399998                   -0.0050521842
              0.65600002                   -0.0050583272
              0.65799999                   -0.0050599533
              0.66000003                   -0.0050570611
                   0.662                   -0.0050496524
              0.66399997                   -0.0050377804
              0.66600001                   -0.0050215027
              0.66799998                   -0.0050008916
              0.67000002                   -0.0049760286
              0.67199999                   -0.0049469704
              0.67400002                   -0.0049137804
                   0.676                   -0.0048764753
              0.67799997                   -0.0048350538
              0.68000001                   -0.0047894726
              0.68199998                   -0.0047396352
              0.68400002                   -0.0046853903
              0.68599999                   -0.0046265423
              0.68800002                   -0.0045628217
                    0.69                   -0.0044939285
              0.69199997                   -0.0044194642
              0.69400001                   -0.0043390095
              0.69599998                   -0.0042520775
              0.69800001                   -0.0041581406
              0.69999999                   -0.0040566516
              0.70200002                    -0.003946987
                   0.704                     -0.00382855
              0.70599997                   -0.0037007181
                   0.708                   -0.0035628311
              0.70999998                   -0.0034142747
              0.71200001                   -0.0032544567
              0.71399999                   -0.0030827664
              0.71600002                   -0.0028986393
              0.71799999                   -0.0027015633
              0.72000003                   -0.0024910246
                   0.722                   -0.0022665961
              0.72399998                   -0.0020278594
              0.72600001                    -0.001774429
              0.72799999                   -0.0015059983
              0.73000002                   -0.0012222442
              0.73199999                  -0.00092289312
              0.73400003                   -0.0006077108
                   0.736                  -0.00027640472
              0.73799998                   7.1246715e-05
              0.74000001                   0.00043551906
              0.74199998                   0.00081668497
              0.74400002                    0.0012150838
              0.74599999                    0.0016310344
              0.74800003                    0.0020649889
                    0.75                    0.0025173761
              0.75199997                    0.0029887573
              0.75400001                    0.0034797213
              0.75599998                    0.0039909445
              0.75800002                    0.0045232279
              0.75999999                    0.0050773639
              0.76200002                    0.0056542926
                   0.764                    0.0062549892
              0.76599997                    0.0068805069
              0.76800001                    0.0075319302
              0.76999998                     0.008210469
              0.77200001                    0.0089172618
              0.77399999                    0.0096535673
              0.77600002                     0.010420611
                   0.778                     0.011219644
              0.77999997                     0.012051933
              0.78200001                      0.01291864
              0.78399998                     0.013821047
              0.78600001                     0.014760219
              0.78799999                     0.015737295
              0.79000002                     0.016753338
                   0.792                     0.017809348
              0.79400003                     0.018906226
                   0.796                     0.020044841
              0.79799998                     0.021226032
              0.80000001                     0.022450516
              0.80199999                     0.023718908
              0.80400002                     0.025031898
              0.80599999                     0.026390001
              0.80800003                     0.027793773
                    0.81                     0.029243603
              0.81199998                     0.030739972
              0.81400001                     0.032283261
              0.81599998                     0.033873834
              0.81800002                     0.035511982
              0.81999999                     0.037198007
              0.82200003                     0.038932186
                   0.824                     0.040714741
              0.82599998                     0.042545855
              0.82800001                     0.044425633
              0.82999998                     0.046354137
              0.83200002                     0.048331339
              0.83399999                     0.050357129
              0.83600003                     0.052431289
                   0.838                     0.054553401
              0.83999997                     0.056722928
              0.84200001                      0.05893917
              0.84399998                      0.06120117
              0.84600002                     0.063507713
              0.84799999                     0.065857396
              0.85000002                     0.068248481
                   0.852                     0.070678882
              0.85399997                     0.073146239
              0.85600001                     0.075647838
              0.85799998                     0.078180492
              0.86000001                     0.080740787
              0.86199999                      0.08332473
              0.86400002                     0.085928157
                   0.866                     0.088546231
              0.86799997                     0.091173902
                    0.87                     0.093805715
              0.87199998                     0.096435748
              0.87400001                     0.099057786
              0.87599999                      0.10166521
              0.87800002                      0.10425115
                    0.88                      0.10680842
              0.88200003                      0.10932952
                   0.884                      0.11180683
              0.88599998                      0.11423244
              0.88800001                      0.11659836
              0.88999999                      0.11889645
              0.89200002                      0.12111856
              0.89399999                      0.12325647
              0.89600003                      0.12530202
                   0.898                      0.12724708
              0.89999998                      0.12908365
              0.90200001                      0.13080387
              0.90399998                       0.1324001
              0.90600002                      0.13386488
              0.90799999                      0.13519108
              0.91000003                      0.13637179
                   0.912                      0.13740049
              0.91399997                      0.13827102
              0.91600001                      0.13897762
              0.91799998                      0.13951486
              0.92000002                      0.13987789
              0.92199999                      0.14006217
              0.92400002                      0.14006381
                   0.926                      0.13987923
              0.92799997                      0.13950549
              0.93000001                      0.13894016
              0.93199998                      0.13818133
              0.93400002                      0.13722754
              0.93599999                      0.13607799
              0.93800002                      0.13473241
                    0.94                      0.13319103
              0.94199997                      0.13145472
              0.94400001                      0.12952477
              0.94599998                      0.12740318
              0.94800001                      0.12509227
              0.94999999                      0.12259497
              0.95200002                      0.11991481
                   0.954                      0.11705577
              0.95599997                      0.11402213
                   0.958                       0.1108189
              0.95999998                      0.10745131
              0.96200001                      0.10392519
              0.96399999                      0.10024633
              0.96600002                     0.096421488
              0.96799999                      0.09245716
              0.97000003                     0.088360526
                   0.972                     0.084138706
              0.97399998                     0.079799183
              0.97600001                     0.075349607
              0.97799999                     0.070797756
              0.98000002                     0.066151492
              0.98199999                     0.061418612
              0.98400003                     0.056607235
                   0.986                     0.051725104
              0.98799998                     0.046780236
              0.99000001                     0.041780449
              0.99199998                     0.036733445
              0.99400002                     0.031646863
              0.99599999                     0.026528178
              0.99800003                     0.021384837
                       1                     0.016223747
                   1.002                     0.011052208
               1.0039999                    0.0058767535
                   1.006                   0.00070422352
                   1.008                   -0.0044590579
                    1.01                   -0.0096069267
                   1.012                    -0.014733018
               1.0140001                    -0.019831762
                   1.016                    -0.024897303
                   1.018                    -0.029924216
                    1.02                    -0.034906972
                   1.022                    -0.039840475
                   1.024                    -0.044719514
                   1.026                    -0.049539063
                   1.028                    -0.054294761
                    1.03                    -0.058981564
               1.0319999                     -0.06359493
                   1.034                    -0.068130665
                   1.036                    -0.072584592
                   1.038                    -0.076952353
                    1.04                    -0.081230178
               1.0420001                    -0.085414283
                   1.044                    -0.089500941
                   1.046                    -0.093486987
                   1.048                    -0.097368993
                    1.05                     -0.10114411
                   1.052                     -0.10480953
                   1.054                      -0.1083626
                   1.056                     -0.11180126
                   1.058                     -0.11512347
               1.0599999                     -0.11832757
                   1.062                      -0.1214118
                   1.064                     -0.12437543
                   1.066                     -0.12721743
                   1.068                     -0.12993704
               1.0700001                     -0.13253416
                   1.072                     -0.13500877
                   1.074                     -0.13736108
                   1.076                     -0.13959156
               1.0779999                     -0.14170095
                    1.08                      -0.1436902
                   1.082                     -0.14556052
                   1.084                     -0.14731309
                   1.086                     -0.14894941
               1.0880001                     -0.15047121
                    1.09                     -0.15188003
                   1.092                     -0.15317769
                   1.094                     -0.15436606
                   1.096                      -0.1554469
                   1.098                     -0.15642227
                     1.1                     -0.15729387
                   1.102                     -0.15806368
                   1.104                     -0.15873349
               1.1059999                      -0.1593052
                   1.108                     -0.15978046
                    1.11                     -0.16016106
                   1.112                     -0.16044867
                   1.114                     -0.16064496
               1.1160001                     -0.16075166
                   1.118                     -0.16077024
                    1.12                     -0.16070236
                   1.122                     -0.16054964
                   1.124                      -0.1603137
                   1.126                     -0.15999615
                   1.128                     -0.15959872
                    1.13                     -0.15912309
                   1.132                     -0.15857111
               1.1339999                      -0.1579446
                   1.136                     -0.15724555
                   1.138                     -0.15647593
                    1.14                     -0.15563786
                   1.142                     -0.15473352
               1.1440001                      -0.1537652
                   1.146                     -0.15273517
                   1.148                     -0.15164585
                    1.15                      -0.1504997
                   1.152                     -0.14929922
                   1.154                     -0.14804687
                   1.156                     -0.14674516
                   1.158                     -0.14539666
                    1.16                     -0.14400385
               1.1619999                      -0.1425692
                   1.164                     -0.14109507
                   1.166                     -0.13958375
                   1.168                     -0.13803765
                    1.17                     -0.13645869
               1.1720001                     -0.13484922
                   1.174                     -0.13321102
                   1.176                     -0.13154592
                   1.178                     -0.12985584
               1.1799999                     -0.12814224
                   1.182                     -0.12640682
                   1.184                     -0.12465093
                   1.186                     -0.12287604
                   1.188                     -0.12108338
               1.1900001                     -0.11927419
                   1.192                     -0.11744981
                   1.194                     -0.11561124
                   1.196                     -0.11375973
                   1.198                     -0.11189634
                     1.2                     -0.11002246
                   1.202                     -0.10813905
                   1.204                     -0.10624746
                   1.206                     -0.10434889
               1.2079999                     -0.10244459
                    1.21                     -0.10053587
                   1.212                    -0.098624222
                   1.214                    -0.096710987
                   1.216                    -0.094797567
               1.2180001                    -0.092885502
                    1.22                    -0.090976276
                   1.222                    -0.089071229
                   1.224                    -0.087171771
                   1.226                    -0.085279457
                   1.228                     -0.08339569
                    1.23                    -0.081521727
                   1.232                    -0.079658814
                   1.234                    -0.077808075
               1.2359999                     -0.07597056
                   1.238                    -0.074147262
                    1.24                    -0.072338775
                   1.242                    -0.070545949
                   1.244                    -0.068769373
               1.2460001                    -0.067009501
                   1.248                    -0.065266423
                    1.25                    -0.063540593
                   1.252                    -0.061831836
               1.2539999                    -0.060140193
                   1.256                    -0.058465611
                   1.258                    -0.056807891
                    1.26                    -0.055166785
                   1.262                    -0.053542063
               1.2640001                    -0.051933363
                   1.266                    -0.050340302
                   1.268                    -0.048762813
                    1.27                    -0.047200471
                   1.272                    -0.045653079
                   1.274                    -0.044120379
                   1.276                    -0.042602625
                   1.278                    -0.041099384
                    1.28                    -0.039610937
               1.2819999                    -0.038137235
                   1.284                    -0.036678504
                   1.286                    -0.035235167
                   1.288                    -0.033807315
                    1.29                    -0.032395221
               1.2920001                    -0.030999446
                   1.294                    -0.029620467
                   1.296                    -0.028258411
                   1.298                    -0.026913937
                     1.3                    -0.025587169
                   1.302                    -0.024278658
                   1.304                    -0.022988424
                   1.306                     -0.02171698
                   1.308                    -0.020464133
               1.3099999                    -0.019230096
                   1.312                    -0.018014794
                   1.314                    -0.016818041
                   1.316                    -0.015639625
                   1.318                    -0.014479307
               1.3200001                    -0.013336567
                   1.322                    -0.012210786
                   1.324                    -0.011101743
                   1.326                    -0.010008452
               1.3279999                   -0.0089304987
                    1.33                    -0.007867218
                   1.332                   -0.0068178596
                   1.334                   -0.0057818443
                   1.336                   -0.0047584381
               1.3380001                   -0.0037470837
                    1.34                   -0.0027473213
                   1.342                   -0.0017585497
                   1.344                  -0.00078051008
                   1.346                   0.00018711397
                   1.348                     0.001144537
                    1.35                     0.002091794
                   1.352                    0.0030289786
                   1.354                    0.0039559328
               1.3559999                    0.0048726387
                   1.358                    0.0057786847
                    1.36                    0.0066739609
                   1.362                    0.0075580515
                   1.364                    0.0084304726
               1.3660001                    0.0092911273
                   1.368                     0.010139334
                    1.37                     0.010974885
                   1.372                     0.011797516
                   1.374                     0.012606845
                   1.376                     0.013402742
                   1.378                     0.014184961
                    1.38                     0.014953571
                   1.382                     0.015708534
               1.3839999                     0.016449973
                   1.386                     0.017178176
                   1.388                     0.017893309
                    1.39                     0.018595964
                   1.392                     0.019286461
               1.3940001                      0.01996519
                   1.396                      0.02063301
                   1.398                     0.021290276
                     1.4                     0.021937674
                   1.402                     0.022575919
                   1.404                     0.023205491
                   1.406                     0.023826899
                   1.408                     0.024440806
                    1.41                      0.02504758
               1.4119999                      0.02564759
                   1.414                     0.026241055
                   1.416                     0.026828332
                   1.418                     0.027409486
                    1.42                     0.027984431
               1.4220001                      0.02855318
                   1.424                     0.029115414
                   1.426                      0.02967111
                   1.428                     0.030219812
               1.4299999                     0.030761145
                   1.432                     0.031294677
                   1.434                     0.031819999
                   1.436                     0.032336678
                   1.438                      0.03284416
               1.4400001                     0.033342194
                   1.442                     0.033830315
                   1.444                     0.034308109
                   1.446                      0.03477544
                   1.448                     0.035232164
                    1.45                     0.035677984
                   1.452                     0.036113027
                   1.454                     0.036537413
                   1.456                     0.036951337
               1.4579999                     0.037354894
                    1.46                     0.037748635
                   1.462                     0.038132831
                   1.464                      0.03850805
                   1.466                     0.038874742
               1.4680001                     0.039233532
                    1.47                     0.039584864
                   1.472                     0.039929386
                   1.474                     0.040267579
                   1.476                     0.040600032
                   1.478                     0.040927101
                    1.48                     0.041249145
                   1.482                     0.041566521
                   1.484                     0.041879363
               1.4859999                     0.042187896
                   1.488                     0.042491999
                    1.49                     0.042791773
                   1.492                     0.043086875
                   1.494                     0.043377254
               1.4960001                     0.043662418
                   1.498                     0.043942068
                     1.5                     0.044215713
                   1.502                     0.044482905
               1.5039999                     0.044743117
                   1.506                     0.044995904
                   1.508                     0.045240775
                    1.51                     0.045477275
                   1.512                     0.045704957
               1.5140001                      0.04592349
                   1.516                     0.046132691
                   1.518                     0.046332318
                    1.52                     0.046522237
                   1.522                     0.046702545
                   1.524                     0.046873249
                   1.526                     0.047034573
                   1.528                     0.047186807
                    1.53                     0.047330331
               1.5319999                     0.047465503
                   1.534                     0.047592845
                   1.536                      0.04771287
                   1.538                     0.047826163
                    1.54                     0.047933228
               1.5420001                     0.048034586
                   1.544                     0.048130855
                   1.546                     0.048222438
                   1.548                     0.048309777
                    1.55                     0.048393197
                   1.552                     0.048473001
                   1.554                     0.048549347
                   1.556                     0.048622333
                   1.558                     0.048691973
               1.5599999                     0.048758145
                   1.562                     0.048820641
                   1.564                     0.048879247
                   1.566                     0.048933588
                   1.568                     0.048983257
               1.5700001                     0.049027849
                   1.572                     0.049066838
                   1.574                     0.049099796
                   1.576                       0.0491262
               1.5779999                     0.049145658
                    1.58                     0.049157672
                   1.582                     0.049161933
                   1.584                     0.049158148
                   1.586                     0.049146086
               1.5880001                     0.049125634
                    1.59                     0.049096748
                   1.592                     0.049059495
                   1.594                     0.049014024
                   1.596                     0.048960607
                   1.598                     0.048899557
                     1.6                     0.048831303
                   1.602                     0.048756283
                   1.604                     0.048675068
               1.6059999                     0.048588183
                   1.608                      0.04849622
                    1.61                     0.048399732
                   1.612                     0.048299316
                   1.614                     0.048195463
               1.6160001                     0.048088659
                   1.618                     0.047979336
                    1.62                     0.047867805
                   1.622                     0.047754329
                   1.624                     0.047639079
                   1.626                     0.047522113
                   1.628                     0.047403418
                    1.63                     0.047282863
                   1.632                     0.047160253
               1.6339999                      0.04703531
                   1.636                     0.046907682
                   1.638                     0.046776976
                    1.64                     0.046642751
                   1.642                     0.046504553
               1.6440001                     0.046361927
                   1.646                     0.046214417
                   1.648                     0.046061624
                    1.65                     0.045903161
                   1.652                     0.045738731
                   1.654                     0.045568101
                   1.656                     0.045391113
                   1.658                     0.045207709
                    1.66                      0.04501792
               1.6619999                     0.044821877
                   1.664                     0.044619795
                   1.666                     0.044411995
                   1.668                     0.044198856
                    1.67                     0.043980837
               1.6720001                     0.043758467
                   1.674                     0.043532271
                   1.676                     0.043302853
                   1.678                     0.043070782
               1.6799999                     0.042836659
                   1.682                     0.042601008
                   1.684                     0.042364344
                   1.686                     0.042127106
                   1.688                     0.041889671
               1.6900001                     0.041652363
                   1.692                     0.041415341
                   1.694                     0.041178744
                   1.696                     0.040942572
                   1.698                     0.040706754
                     1.7                     0.040471118
                   1.702                     0.040235411
                   1.704                     0.039999288
                   1.706                       0.0397624
               1.7079999                     0.039524291
                    1.71                     0.039284509
                   1.712                     0.039042588
                   1.714                     0.038798045
                   1.716                     0.038550455
               1.7180001                      0.03829943
                    1.72                     0.038044598
                   1.722                     0.037785694
                   1.724                      0.03752251
                   1.726                     0.037254952
                   1.728                     0.036982998
                    1.73                     0.036706712
                   1.732                      0.03642628
                   1.734                     0.036141962
               1.7359999                     0.035854094
                   1.738                     0.035563122
                    1.74                     0.035269503
                   1.742                     0.034973763
                   1.744                       0.0346765
               1.7460001                     0.034378268
                   1.748                     0.034079622
                    1.75                     0.033781134
                   1.752                      0.03348333
               1.7539999                     0.033186641
                   1.756                     0.032891478
                   1.758                     0.032598134
                    1.76                     0.032306876
                   1.762                      0.03201782
               1.7640001                     0.031731009
                   1.766                     0.031446379
                   1.768                     0.031163767
                    1.77                     0.030882994
                   1.772                     0.030603653
                   1.774                     0.030325485
                   1.776                     0.030047966
                   1.778                      0.02977067
                    1.78                     0.029493127
               1.7819999                     0.029214866
                   1.784                     0.028935388
                   1.786                     0.028654261
                   1.788                     0.028371168
                    1.79                     0.028085742
               1.7920001                     0.027797772
                   1.794                     0.027507078
                   1.796                     0.027213614
                   1.798                     0.026917437
                     1.8                     0.026618633
                   1.802                     0.026317462
                   1.804                      0.02601419
                   1.806                     0.025709258
                   1.808                     0.025403043
               1.8099999                     0.025096131
                   1.812                     0.024788992
                   1.814                     0.024482202
                   1.816                     0.024176281
                   1.818                     0.023871845
               1.8200001                     0.023569316
                   1.822                     0.023269186
                   1.824                     0.022971852
                   1.826                     0.022677593
               1.8279999                     0.022386609
                    1.83                     0.022099094
                   1.832                     0.021815028
                   1.834                     0.021534406
                   1.836                     0.021256959
               1.8380001                     0.020982498
                    1.84                     0.020710707
                   1.842                     0.020441132
                   1.844                     0.020173347
                   1.846                     0.019906837
                   1.848                     0.019641073
                    1.85                     0.019375587
                   1.852                     0.019109771
                   1.854                     0.018843209
               1.8559999                     0.018575437
                   1.858                     0.018306123
                    1.86                     0.018034916
                   1.862                     0.017761633
                   1.864                     0.017486118
               1.8660001                     0.017208377
                   1.868                     0.016928509
                    1.87                     0.016646657
                   1.872                     0.016363036
                   1.874                      0.01607807
                   1.876                     0.015792117
                   1.878                      0.01550565
                    1.88                     0.015219198
                   1.882                     0.014933302
               1.8839999                     0.014648435
                   1.886                     0.014365171
                   1.888                     0.014083995
                    1.89                     0.013805326
                   1.892                     0.013529579
               1.8940001                     0.013257093
                   1.896                     0.012988029
                   1.898                     0.012722561
                     1.9                     0.012460704
                   1.902                     0.012202341
                   1.904                     0.011947401
                   1.906                     0.011695595
                   1.908                      0.01144657
                    1.91                     0.011199912
               1.9119999                     0.010955173
                   1.914                     0.010711815
                   1.916                     0.010469357
                   1.918                     0.010227202
                    1.92                    0.0099848481
               1.9220001                    0.0097418223
                   1.924                     0.009497677
                   1.926                    0.0092519801
                   1.928                    0.0090044392
               1.9299999                    0.0087548504
                   1.932                    0.0085031027
                   1.934                    0.0082491599
                   1.936                    0.0079930881
                   1.938                    0.0077350885
               1.9400001                    0.0074754157
                   1.942                    0.0072144601
                   1.944                    0.0069526155
                   1.946                    0.0066904067
                   1.948                    0.0064283563
                    1.95                    0.0061670318
                   1.952                    0.0059070173
                   1.954                    0.0056488789
                   1.956                     0.005393188
               1.9579999                    0.0051403572
                    1.96                    0.0048909001
                   1.962                    0.0046451357
                   1.964                    0.0044033201
                   1.966                    0.0041655875
               1.9680001                    0.0039320821
                    1.97                    0.0037027213
                   1.972                     0.003477378
                   1.974                    0.0032558043
                   1.976                    0.0030376834
                   1.978                    0.0028226583
                    1.98                    0.0026102045
                   1.982                    0.0023998653
                   1.984                    0.0021911003
               1.9859999                    0.0019833387
                   1.988                    0.0017760609
                    1.99                    0.0015688003
                   1.992                    0.0013610451
                   1.994                    0.0011524188
               1.9960001                   0.00094260694
                   1.998                   0.00073138427
                       2                   0.00051861629

