        Frequency / GHz                S1,1/imaginary
----------------------------------------------------------------------
                       0                               0
            0.0020000001                   -0.0006530938
            0.0040000002                   -0.0013060903
            0.0060000001                   -0.0019588971
            0.0080000004                   -0.0026114322
            0.0099999998                   -0.0032636279
                   0.012                   -0.0039154342
                   0.014                   -0.0045668241
             0.016000001                   -0.0052177897
             0.017999999                   -0.0058683529
                    0.02                    -0.006518553
                   0.022                   -0.0071684569
                   0.024                   -0.0078181466
             0.026000001                   -0.0084677273
             0.028000001                    -0.009117309
             0.029999999                   -0.0097670136
             0.032000002                    -0.010416966
             0.034000002                    -0.011067288
             0.035999998                    -0.011718093
             0.037999999                    -0.012369486
             0.039999999                    -0.013021548
             0.041999999                     -0.01367435
                   0.044                    -0.014327933
                   0.046                    -0.014982317
                   0.048                    -0.015637496
             0.050000001                    -0.016293453
             0.052000001                    -0.016950129
             0.054000001                    -0.017607462
             0.056000002                    -0.018265368
             0.057999998                    -0.018923761
             0.059999999                    -0.019582534
             0.061999999                    -0.020241596
             0.064000003                    -0.020900849
                   0.066                    -0.021560218
             0.068000004                    -0.022219624
                    0.07                    -0.022879027
             0.071999997                     -0.02353839
             0.074000001                    -0.024197707
             0.075999998                    -0.024856998
             0.078000002                    -0.025516305
             0.079999998                    -0.026175689
             0.082000002                    -0.026835231
             0.083999999                    -0.027495043
             0.086000003                     -0.02815523
                   0.088                    -0.028815921
             0.090000004                    -0.029477233
                   0.092                    -0.030139292
             0.093999997                    -0.030802216
             0.096000001                    -0.031466104
             0.097999997                    -0.032131046
                     0.1                    -0.032797109
                   0.102                    -0.033464331
                   0.104                    -0.034132741
                   0.106                    -0.034802333
                   0.108                    -0.035473075
                    0.11                     -0.03614492
                   0.112                    -0.036817804
                   0.114                    -0.037491634
                   0.116                    -0.038166329
                   0.118                     -0.03884178
                    0.12                    -0.039517891
                   0.122                    -0.040194567
                   0.124                    -0.040871732
                   0.126                    -0.041549295
              0.12800001                    -0.042227235
                    0.13                    -0.042905498
                   0.132                     -0.04358409
                   0.134                    -0.044263035
              0.13600001                    -0.044942379
                   0.138                    -0.045622181
                    0.14                    -0.046302542
                   0.142                     -0.04698357
              0.14399999                    -0.047665369
                   0.146                    -0.048348095
                   0.148                    -0.049031861
              0.15000001                    -0.049716804
                   0.152                    -0.050403055
                   0.154                    -0.051090714
                   0.156                    -0.051779874
              0.15800001                    -0.052470617
                    0.16                    -0.053162981
                   0.162                    -0.053856991
                   0.164                    -0.054552656
              0.16599999                    -0.055249929
                   0.168                    -0.055948779
                    0.17                    -0.056649115
              0.17200001                    -0.057350859
              0.17399999                    -0.058053918
                   0.176                    -0.058758181
                   0.178                    -0.059463535
              0.18000001                    -0.060169891
                   0.182                    -0.060877152
                   0.184                    -0.061585248
                   0.186                    -0.062294118
              0.18799999                    -0.063003726
                    0.19                    -0.063714087
                   0.192                    -0.064425208
              0.19400001                    -0.065137118
              0.19599999                    -0.065849923
                   0.198                    -0.066563703
                     0.2                    -0.067278579
              0.20200001                    -0.067994677
                   0.204                     -0.06871213
                   0.206                    -0.069431104
                   0.208                    -0.070151716
              0.20999999                    -0.070874125
                   0.212                    -0.071598455
                   0.214                    -0.072324798
              0.21600001                    -0.073053248
              0.21799999                    -0.073783852
                    0.22                    -0.074516654
                   0.222                    -0.075251646
              0.22400001                    -0.075988829
                   0.226                     -0.07672815
                   0.228                    -0.077469513
                    0.23                    -0.078212865
              0.23199999                    -0.078958072
                   0.234                    -0.079705067
                   0.236                    -0.080453694
              0.23800001                    -0.081203885
              0.23999999                    -0.081955522
                   0.242                     -0.08270853
                   0.244                    -0.083462849
              0.24600001                    -0.084218435
                   0.248                    -0.084975302
                    0.25                    -0.085733429
                   0.252                    -0.086492889
              0.25400001                    -0.087253749
              0.25600001                    -0.088016108
              0.25799999                    -0.088780083
              0.25999999                    -0.089545809
              0.26199999                    -0.090313427
                   0.264                    -0.091083102
                   0.266                    -0.091854975
              0.26800001                    -0.092629224
              0.27000001                    -0.093405925
              0.27200001                    -0.094185241
              0.27399999                    -0.094967246
              0.27599999                    -0.095752008
                   0.278                    -0.096539587
                    0.28                    -0.097329974
              0.28200001                    -0.098123163
              0.28400001                    -0.098919109
              0.28600001                    -0.099717759
              0.28799999                     -0.10051901
              0.28999999                     -0.10132278
                   0.292                     -0.10212897
                   0.294                     -0.10293745
                   0.296                     -0.10374814
              0.29800001                     -0.10456093
              0.30000001                     -0.10537575
              0.30199999                     -0.10619255
              0.30399999                     -0.10701131
              0.30599999                     -0.10783201
                   0.308                     -0.10865469
                    0.31                     -0.10947941
              0.31200001                     -0.11030626
              0.31400001                     -0.11113534
              0.31600001                      -0.1119668
              0.31799999                     -0.11280077
              0.31999999                     -0.11363745
                   0.322                     -0.11447698
                   0.324                     -0.11531954
              0.32600001                      -0.1161653
              0.32800001                     -0.11701439
              0.33000001                     -0.11786697
              0.33199999                     -0.11872309
              0.33399999                     -0.11958285
                   0.336                     -0.12044632
                   0.338                     -0.12131347
                    0.34                      -0.1221843
              0.34200001                     -0.12305876
              0.34400001                     -0.12393678
              0.34599999                     -0.12481826
              0.34799999                     -0.12570307
              0.34999999                     -0.12659115
                   0.352                      -0.1274823
                   0.354                     -0.12837645
              0.35600001                     -0.12927349
              0.35800001                     -0.13017333
              0.36000001                     -0.13107589
              0.36199999                     -0.13198115
              0.36399999                     -0.13288911
                   0.366                     -0.13379979
                   0.368                     -0.13471326
                    0.37                     -0.13562961
              0.37200001                     -0.13654898
              0.37400001                     -0.13747153
              0.37599999                     -0.13839741
              0.37799999                     -0.13932683
                    0.38                        -0.14026
                   0.382                     -0.14119707
                   0.384                     -0.14213827
              0.38600001                     -0.14308378
              0.38800001                     -0.14403376
              0.38999999                     -0.14498834
              0.39199999                     -0.14594759
              0.39399999                     -0.14691162
                   0.396                     -0.14788045
                   0.398                     -0.14885408
              0.40000001                     -0.14983247
              0.40200001                     -0.15081561
              0.40400001                     -0.15180333
              0.40599999                     -0.15279558
              0.40799999                     -0.15379225
                    0.41                     -0.15479319
                   0.412                     -0.15579832
                   0.414                     -0.15680748
              0.41600001                     -0.15782066
              0.41800001                     -0.15883769
              0.41999999                     -0.15985863
              0.42199999                     -0.16088341
              0.42399999                     -0.16191211
                   0.426                     -0.16294478
                   0.428                     -0.16398151
              0.43000001                     -0.16502243
              0.43200001                     -0.16606775
              0.43399999                     -0.16711761
              0.43599999                     -0.16817223
              0.43799999                     -0.16923183
                    0.44                     -0.17029661
                   0.442                     -0.17136678
              0.44400001                     -0.17244257
              0.44600001                      -0.1735241
              0.44800001                     -0.17461158
              0.44999999                     -0.17570509
              0.45199999                     -0.17680474
                   0.454                     -0.17791058
                   0.456                     -0.17902263
                   0.458                     -0.18014087
              0.46000001                     -0.18126526
              0.46200001                     -0.18239576
              0.46399999                     -0.18353228
              0.46599999                     -0.18467472
              0.46799999                     -0.18582298
                    0.47                     -0.18697697
                   0.472                     -0.18813667
              0.47400001                     -0.18930195
              0.47600001                     -0.19047284
              0.47799999                     -0.19164926
              0.47999999                     -0.19283134
              0.48199999                     -0.19401908
                   0.484                     -0.19521262
                   0.486                     -0.19641209
              0.48800001                     -0.19761765
              0.49000001                      -0.1988295
              0.49200001                     -0.20004785
              0.49399999                     -0.20127293
              0.49599999                     -0.20250496
                   0.498                     -0.20374417
                     0.5                     -0.20499074
              0.50199997                     -0.20624489
              0.50400001                     -0.20750673
              0.50599998                     -0.20877643
              0.50800002                     -0.21005405
              0.50999999                     -0.21133964
              0.51200002                     -0.21263319
                   0.514                     -0.21393469
              0.51599997                     -0.21524407
              0.51800001                     -0.21656126
              0.51999998                     -0.21788611
              0.52200001                     -0.21921851
              0.52399999                     -0.22055793
              0.52600002                     -0.22190537
                   0.528                     -0.22325969
              0.52999997                     -0.22462091
              0.53200001                     -0.22598955
              0.53399998                     -0.22736564
              0.53600001                     -0.22874813
              0.53799999                     -0.23013857
              0.54000002                     -0.23153599
                   0.542                     -0.23294143
              0.54400003                      -0.2343549
                   0.546                      -0.2357759
              0.54799998                     -0.23720598
              0.55000001                     -0.23864509
              0.55199999                     -0.24009328
              0.55400002                     -0.24155095
              0.55599999                     -0.24301912
              0.55800003                      -0.2444977
                    0.56                     -0.24598658
              0.56199998                     -0.24748622
              0.56400001                     -0.24899741
              0.56599998                      -0.2505196
              0.56800002                     -0.25205311
              0.56999999                     -0.25359792
              0.57200003                     -0.25515395
                   0.574                     -0.25672108
              0.57599998                     -0.25829911
              0.57800001                      -0.2598879
              0.57999998                      -0.2614871
              0.58200002                     -0.26309648
              0.58399999                     -0.26471576
              0.58600003                      -0.2663447
                   0.588                     -0.26798305
              0.58999997                     -0.26963061
              0.59200001                     -0.27128723
              0.59399998                     -0.27295291
              0.59600002                     -0.27462754
              0.59799999                     -0.27631128
              0.60000002                     -0.27800414
                   0.602                     -0.27970651
              0.60399997                     -0.28141865
              0.60600001                     -0.28314093
              0.60799998                     -0.28487369
              0.61000001                     -0.28661749
              0.61199999                     -0.28837281
              0.61400002                     -0.29014012
                   0.616                     -0.29191998
              0.61799997                     -0.29371282
                    0.62                     -0.29551917
              0.62199998                     -0.29733935
              0.62400001                      -0.2991738
              0.62599999                      -0.3010228
              0.62800002                     -0.30288646
                    0.63                     -0.30476508
              0.63200003                     -0.30665854
                   0.634                      -0.3085669
              0.63599998                     -0.31049004
              0.63800001                     -0.31242782
              0.63999999                     -0.31438008
              0.64200002                     -0.31634653
              0.64399999                     -0.31832692
              0.64600003                     -0.32032099
                   0.648                     -0.32232854
              0.64999998                     -0.32434922
              0.65200001                     -0.32638285
              0.65399998                     -0.32842928
              0.65600002                     -0.33048838
              0.65799999                     -0.33256012
              0.66000003                     -0.33464444
                   0.662                     -0.33674145
              0.66399997                     -0.33885127
              0.66600001                     -0.34097412
              0.66799998                     -0.34311014
              0.67000002                      -0.3452597
              0.67199999                     -0.34742293
              0.67400002                     -0.34960026
                   0.676                     -0.35179198
              0.67799997                     -0.35399836
              0.68000001                     -0.35621977
              0.68199998                     -0.35845637
              0.68400002                     -0.36070848
              0.68599999                     -0.36297625
              0.68800002                     -0.36525992
                    0.69                     -0.36755955
              0.69199997                     -0.36987528
              0.69400001                     -0.37220708
              0.69599998                     -0.37455505
              0.69800001                     -0.37691918
              0.69999999                     -0.37929952
              0.70200002                     -0.38169596
                   0.704                     -0.38410857
              0.70599997                     -0.38653731
                   0.708                     -0.38898224
              0.70999998                     -0.39144322
              0.71200001                     -0.39392039
              0.71399999                     -0.39641377
              0.71600002                     -0.39892334
              0.71799999                     -0.40144911
              0.72000003                     -0.40399113
                   0.722                      -0.4065493
              0.72399998                     -0.40912354
              0.72600001                     -0.41171384
              0.72799999                     -0.41431978
              0.73000002                     -0.41694123
              0.73199999                     -0.41957763
              0.73400003                      -0.4222286
                   0.736                      -0.4248935
              0.73799998                     -0.42757165
              0.74000001                     -0.43026212
              0.74199998                     -0.43296397
              0.74400002                     -0.43567619
              0.74599999                     -0.43839765
              0.74800003                     -0.44112712
                    0.75                     -0.44386342
              0.75199997                     -0.44660518
              0.75400001                     -0.44935125
              0.75599998                     -0.45210034
              0.75800002                     -0.45485118
              0.75999999                     -0.45760274
              0.76200002                     -0.46035388
                   0.764                     -0.46310365
              0.76599997                     -0.46585122
              0.76800001                     -0.46859574
              0.76999998                     -0.47133657
              0.77200001                     -0.47407311
              0.77399999                     -0.47680464
              0.77600002                     -0.47953081
                   0.778                     -0.48225087
              0.77999997                      -0.4849644
              0.78200001                     -0.48767063
              0.78399998                     -0.49036875
              0.78600001                     -0.49305773
              0.78799999                     -0.49573627
              0.79000002                     -0.49840298
                   0.792                     -0.50105613
              0.79400003                      -0.5036934
                   0.796                     -0.50631243
              0.79799998                     -0.50891048
              0.80000001                     -0.51148409
              0.80199999                     -0.51402986
              0.80400002                     -0.51654398
              0.80599999                     -0.51902199
              0.80800003                     -0.52145952
                    0.81                     -0.52385163
              0.81199998                     -0.52619362
              0.81400001                     -0.52848017
              0.81599998                     -0.53070617
              0.81800002                     -0.53286642
              0.81999999                     -0.53495568
              0.82200003                     -0.53696889
                   0.824                     -0.53890097
              0.82599998                     -0.54074723
              0.82800001                     -0.54250282
              0.82999998                     -0.54416341
              0.83200002                     -0.54572457
              0.83399999                     -0.54718238
              0.83600003                     -0.54853278
                   0.838                     -0.54977214
              0.83999997                     -0.55089676
              0.84200001                     -0.55190295
              0.84399998                     -0.55278718
              0.84600002                     -0.55354571
              0.84799999                     -0.55417484
              0.85000002                     -0.55467057
                   0.852                      -0.5550288
              0.85399997                      -0.5552451
              0.85600001                     -0.55531496
              0.85799998                     -0.55523324
              0.86000001                     -0.55499476
              0.86199999                      -0.5545941
              0.86400002                     -0.55402559
                   0.866                     -0.55328333
              0.86799997                     -0.55236125
                    0.87                      -0.5512532
              0.87199998                     -0.54995346
              0.87400001                     -0.54845619
              0.87599999                     -0.54675585
              0.87800002                     -0.54484725
                    0.88                     -0.54272598
              0.88200003                     -0.54038799
                   0.884                        -0.53783
              0.88599998                     -0.53504974
              0.88800001                     -0.53204554
              0.88999999                     -0.52881706
              0.89200002                     -0.52536464
              0.89399999                     -0.52168971
              0.89600003                     -0.51779491
                   0.898                     -0.51368374
              0.89999998                     -0.50936067
              0.90200001                     -0.50483102
              0.90399998                     -0.50010109
              0.90600002                     -0.49517772
              0.90799999                     -0.49006855
              0.91000003                      -0.4847815
                   0.912                     -0.47932506
              0.91399997                     -0.47370788
              0.91600001                     -0.46793884
              0.91799998                     -0.46202686
              0.92000002                     -0.45598081
              0.92199999                     -0.44980925
              0.92400002                     -0.44352099
                   0.926                     -0.43712404
              0.92799997                     -0.43062666
              0.93000001                     -0.42403647
              0.93199998                     -0.41736093
              0.93400002                     -0.41060731
              0.93599999                     -0.40378255
              0.93800002                     -0.39689335
                    0.94                     -0.38994643
              0.94199997                     -0.38294828
              0.94400001                     -0.37590528
              0.94599998                     -0.36882389
              0.94800001                     -0.36171058
              0.94999999                      -0.3545717
              0.95200002                     -0.34741384
                   0.954                     -0.34024343
              0.95599997                     -0.33306694
                   0.958                     -0.32589078
              0.95999998                      -0.3187212
              0.96200001                     -0.31156433
              0.96399999                     -0.30442581
              0.96600002                      -0.2973111
              0.96799999                     -0.29022503
              0.97000003                     -0.28317183
                   0.972                     -0.27615499
              0.97399998                     -0.26917726
              0.97600001                     -0.26224044
              0.97799999                     -0.25534534
              0.98000002                     -0.24849191
              0.98199999                     -0.24167891
              0.98400003                     -0.23490417
                   0.986                     -0.22816457
              0.98799998                     -0.22145601
              0.99000001                     -0.21477361
              0.99199998                     -0.20811175
              0.99400002                     -0.20146428
              0.99599999                     -0.19482464
              0.99800003                     -0.18818599
                       1                     -0.18154147
                   1.002                     -0.17488436
               1.0039999                     -0.16820826
                   1.006                     -0.16150717
                   1.008                     -0.15477587
                    1.01                     -0.14800981
                   1.012                     -0.14120536
               1.0140001                     -0.13435987
                   1.016                     -0.12747173
                   1.018                     -0.12054034
                    1.02                     -0.11356612
                   1.022                      -0.1065505
                   1.024                    -0.099495746
                   1.026                    -0.092404969
                   1.028                    -0.085281841
                    1.03                     -0.07813061
               1.0319999                    -0.070955783
                   1.034                    -0.063762024
                   1.036                    -0.056554012
                   1.038                    -0.049336217
                    1.04                    -0.042112779
               1.0420001                    -0.034887355
                   1.044                    -0.027663052
                   1.046                    -0.020442309
                   1.048                     -0.01322687
                    1.05                   -0.0060177757
                   1.052                    0.0011846233
                   1.054                    0.0083806058
                   1.056                      0.01557099
                   1.058                     0.022757031
               1.0599999                     0.029940264
                   1.062                     0.037122376
                   1.064                     0.044304993
                   1.066                      0.05148958
                   1.068                     0.058677215
               1.0700001                     0.065868445
                   1.072                     0.073063165
                   1.074                     0.080260478
                   1.076                     0.087458625
               1.0779999                     0.094654903
                    1.08                      0.10184564
                   1.082                      0.10902625
                   1.084                      0.11619122
                   1.086                      0.12333421
               1.0880001                      0.13044821
                    1.09                      0.13752563
                   1.092                       0.1445585
                   1.094                       0.1515386
                   1.096                      0.15845774
                   1.098                      0.16530786
                     1.1                      0.17208131
                   1.102                       0.1787709
                   1.104                      0.18537027
               1.1059999                       0.1918738
                   1.108                      0.19827691
                    1.11                      0.20457599
                   1.112                      0.21076851
                   1.114                      0.21685293
               1.1160001                      0.22282898
                   1.118                      0.22869706
                    1.12                      0.23445861
                   1.122                      0.24011573
                   1.124                      0.24567106
                   1.126                      0.25112766
                   1.128                      0.25648889
                    1.13                      0.26175788
                   1.132                      0.26693782
               1.1339999                      0.27203146
                   1.136                      0.27704102
                   1.138                      0.28196818
                    1.14                       0.2868138
                   1.142                      0.29157794
               1.1440001                      0.29625982
                   1.146                      0.30085781
                   1.148                       0.3053695
                    1.15                      0.30979162
                   1.152                      0.31412029
                   1.154                      0.31835118
                   1.156                      0.32247943
                   1.158                      0.32650009
                    1.16                      0.33040804
               1.1619999                      0.33419833
                   1.164                       0.3378664
                   1.166                      0.34140795
                   1.168                      0.34481949
                    1.17                      0.34809807
               1.1720001                      0.35124165
                   1.174                      0.35424912
                   1.176                      0.35712019
                   1.178                      0.35985547
               1.1799999                      0.36245662
                   1.182                      0.36492598
                   1.184                      0.36726671
                   1.186                      0.36948261
                   1.188                      0.37157798
               1.1900001                      0.37355745
                   1.192                      0.37542585
                   1.194                      0.37718821
                   1.196                      0.37884918
                   1.198                      0.38041362
                     1.2                      0.38188565
                   1.202                       0.3832691
                   1.204                      0.38456735
                   1.206                      0.38578302
               1.2079999                      0.38691813
                    1.21                      0.38797438
                   1.212                      0.38895255
                   1.214                      0.38985297
                   1.216                      0.39067546
               1.2180001                      0.39141965
                    1.22                      0.39208475
                   1.222                       0.3926698
                   1.224                       0.3931739
                   1.226                      0.39359623
                   1.228                      0.39393598
                    1.23                      0.39419276
                   1.232                      0.39436659
                   1.234                        0.394458
               1.2359999                      0.39446774
                   1.238                      0.39439729
                    1.24                      0.39424863
                   1.242                      0.39402416
                   1.244                      0.39372692
               1.2460001                      0.39336014
                   1.248                      0.39292753
                    1.25                      0.39243296
                   1.252                      0.39188054
               1.2539999                      0.39127436
                   1.256                      0.39061856
                   1.258                      0.38991699
                    1.26                      0.38917342
                   1.262                      0.38839126
               1.2640001                      0.38757342
                   1.266                       0.3867228
                   1.268                      0.38584125
                    1.27                      0.38493082
                   1.272                      0.38399261
                   1.274                      0.38302761
                   1.276                      0.38203627
                   1.278                      0.38101882
                    1.28                      0.37997517
               1.2819999                      0.37890518
                   1.284                      0.37780836
                   1.286                      0.37668446
                   1.288                      0.37553307
                    1.29                      0.37435406
               1.2920001                      0.37314731
                   1.294                      0.37191311
                   1.296                      0.37065181
                   1.298                      0.36936414
                     1.3                      0.36805114
                   1.302                        0.366714
                   1.304                       0.3653543
                   1.306                      0.36397368
                   1.308                      0.36257407
               1.3099999                      0.36115751
                   1.312                      0.35972595
                   1.314                      0.35828152
                   1.316                      0.35682613
                   1.318                       0.3553617
               1.3200001                      0.35388991
                   1.322                       0.3524121
                   1.324                      0.35092968
                   1.326                      0.34944341
               1.3279999                      0.34795401
                    1.33                      0.34646195
                   1.332                      0.34496728
                   1.334                       0.3434698
                   1.336                      0.34196931
               1.3380001                      0.34046531
                    1.34                      0.33895716
                   1.342                      0.33744422
                   1.344                      0.33592591
                   1.346                      0.33440155
                   1.348                      0.33287063
                    1.35                       0.3313328
                   1.352                      0.32978785
                   1.354                      0.32823569
               1.3559999                      0.32667664
                   1.358                        0.325111
                    1.36                      0.32353947
                   1.362                      0.32196277
                   1.364                      0.32038191
               1.3660001                      0.31879804
                   1.368                      0.31721231
                    1.37                      0.31562597
                   1.372                      0.31404036
                   1.374                       0.3124567
                   1.376                      0.31087616
                   1.378                      0.30929983
                    1.38                      0.30772859
                   1.382                      0.30616331
               1.3839999                      0.30460453
                   1.386                      0.30305263
                   1.388                      0.30150789
                    1.39                      0.29997036
                   1.392                      0.29843992
               1.3940001                      0.29691637
                   1.396                      0.29539943
                   1.398                      0.29388863
                     1.4                      0.29238361
                   1.402                       0.2908839
                   1.404                       0.2893891
                   1.406                      0.28789887
                   1.408                       0.2864131
                    1.41                      0.28493157
               1.4119999                      0.28345433
                   1.414                      0.28198147
                   1.416                      0.28051329
                   1.418                      0.27905005
                    1.42                      0.27759233
               1.4220001                      0.27614069
                   1.424                      0.27469569
                   1.426                      0.27325794
                   1.428                      0.27182811
               1.4299999                      0.27040681
                   1.432                      0.26899451
                   1.434                      0.26759169
                   1.436                      0.26619855
                   1.438                      0.26481557
               1.4400001                      0.26344261
                   1.442                      0.26207972
                   1.444                      0.26072675
                   1.446                      0.25938335
                   1.448                      0.25804925
                    1.45                      0.25672397
                   1.452                      0.25540709
                   1.454                      0.25409812
                   1.456                      0.25279665
               1.4579999                      0.25150222
                    1.46                      0.25021461
                   1.462                       0.2489336
                   1.464                      0.24765919
                   1.466                      0.24639142
               1.4680001                      0.24513052
                    1.47                      0.24387689
                   1.472                      0.24263109
                   1.474                      0.24139372
                   1.476                       0.2401655
                   1.478                      0.23894727
                    1.48                      0.23773989
                   1.482                      0.23654415
                   1.484                      0.23536089
               1.4859999                      0.23419082
                   1.488                      0.23303457
                    1.49                       0.2318926
                   1.492                      0.23076512
                   1.494                      0.22965237
               1.4960001                      0.22855422
                   1.498                      0.22747031
                     1.5                      0.22640027
                   1.502                       0.2253433
               1.5039999                      0.22429867
                   1.506                      0.22326542
                   1.508                      0.22224252
                    1.51                      0.22122884
                   1.512                      0.22022331
               1.5140001                      0.21922484
                   1.516                       0.2182325
                   1.518                      0.21724537
                    1.52                      0.21626283
                   1.522                       0.2152843
                   1.524                       0.2143095
                   1.526                      0.21333832
                   1.528                      0.21237092
                    1.53                      0.21140765
               1.5319999                      0.21044908
                   1.534                      0.20949592
                   1.536                      0.20854908
                   1.538                      0.20760959
                    1.54                      0.20667851
               1.5420001                      0.20575695
                   1.544                      0.20484596
                   1.546                      0.20394659
                   1.548                      0.20305978
                    1.55                      0.20218626
                   1.552                      0.20132664
                   1.554                      0.20048131
                   1.556                      0.19965045
                   1.558                      0.19883397
               1.5599999                      0.19803166
                   1.562                      0.19724303
                   1.564                      0.19646738
                   1.566                      0.19570389
                   1.568                      0.19495156
               1.5700001                      0.19420935
                   1.572                      0.19347614
                   1.574                      0.19275075
                   1.576                       0.1920321
               1.5779999                      0.19131911
                    1.58                      0.19061086
                   1.582                      0.18990651
                   1.584                      0.18920536
                   1.586                      0.18850693
               1.5880001                       0.1878109
                    1.59                      0.18711706
                   1.592                      0.18642545
                   1.594                      0.18573621
                   1.596                      0.18504965
                   1.598                      0.18436617
                     1.6                      0.18368623
                   1.602                      0.18301035
                   1.604                      0.18233909
               1.6059999                      0.18167296
                   1.608                      0.18101248
                    1.61                      0.18035807
                   1.612                      0.17971003
                   1.614                      0.17906864
               1.6160001                      0.17843403
                   1.618                       0.1778062
                    1.62                      0.17718509
                   1.622                      0.17657053
                   1.624                      0.17596227
                   1.626                      0.17535995
                   1.628                      0.17476323
                    1.63                      0.17417173
                   1.632                      0.17358507
               1.6339999                      0.17300287
                   1.636                      0.17242481
                   1.638                      0.17185062
                    1.64                      0.17128013
                   1.642                      0.17071316
               1.6440001                      0.17014968
                   1.646                      0.16958968
                   1.648                       0.1690333
                    1.65                      0.16848059
                   1.652                      0.16793172
                   1.654                      0.16738684
                   1.656                      0.16684611
                   1.658                      0.16630968
                    1.66                      0.16577753
               1.6619999                      0.16524972
                   1.664                      0.16472611
                   1.666                      0.16420652
                   1.668                      0.16369066
                    1.67                      0.16317815
               1.6720001                      0.16266851
                   1.674                      0.16216116
                   1.676                      0.16165547
                   1.678                       0.1611508
               1.6799999                      0.16064648
                   1.682                      0.16014186
                   1.684                      0.15963627
                   1.686                      0.15912925
                   1.688                      0.15862033
               1.6900001                      0.15810922
                   1.692                      0.15759566
                   1.694                       0.1570797
                   1.696                      0.15656161
                   1.698                      0.15604226
                     1.7                      0.15552105
                   1.702                      0.15499933
                   1.704                      0.15447749
                   1.706                      0.15395702
               1.7079999                       0.1534379
                    1.71                      0.15292205
                   1.712                      0.15240912
                   1.714                      0.15190108
                   1.716                       0.1513986
               1.7180001                      0.15090132
                    1.72                       0.1504104
                   1.722                      0.14992614
                   1.724                      0.14944798
                   1.726                      0.14897594
                   1.728                      0.14850958
                    1.73                      0.14804821
                   1.732                      0.14759094
                   1.734                      0.14713675
               1.7359999                      0.14668447
                   1.738                      0.14623283
                    1.74                      0.14578052
                   1.742                      0.14532627
                   1.744                      0.14486878
               1.7460001                      0.14440696
                   1.748                      0.14393976
                    1.75                       0.1434664
                   1.752                      0.14298625
               1.7539999                      0.14249897
                   1.756                      0.14200443
                   1.758                       0.1415028
                    1.76                      0.14099443
                   1.762                      0.14047995
               1.7640001                      0.13996021
                   1.766                       0.1394362
                   1.768                      0.13890897
                    1.77                      0.13837978
                   1.772                      0.13784982
                   1.774                      0.13732032
                   1.776                      0.13679239
                   1.778                      0.13626704
                    1.78                      0.13574514
               1.7819999                      0.13522732
                   1.784                      0.13471404
                   1.786                      0.13420551
                   1.788                      0.13370167
                    1.79                      0.13320225
               1.7920001                      0.13270676
                   1.794                      0.13221455
                   1.796                      0.13172467
                   1.798                      0.13123623
                     1.8                      0.13074811
                   1.802                      0.13025922
                   1.804                      0.12976843
                   1.806                      0.12927474
                   1.808                      0.12877715
               1.8099999                      0.12827489
                   1.812                      0.12776731
                   1.814                      0.12725395
                   1.816                      0.12673455
                   1.818                      0.12620907
               1.8200001                      0.12567768
                   1.822                      0.12514067
                   1.824                      0.12459858
                   1.826                      0.12405207
               1.8279999                      0.12350186
                    1.83                      0.12294876
                   1.832                      0.12239359
                   1.834                      0.12183717
                   1.836                      0.12128022
               1.8380001                       0.1207234
                    1.84                      0.12016725
                   1.842                      0.11961214
                   1.844                       0.1190583
                   1.846                      0.11850575
                   1.848                       0.1179544
                    1.85                      0.11740398
                   1.852                      0.11685405
                   1.854                      0.11630411
               1.8559999                      0.11575353
                   1.858                       0.1152017
                    1.86                      0.11464789
                   1.862                      0.11409147
                   1.864                      0.11353188
               1.8660001                       0.1129686
                   1.868                      0.11240125
                    1.87                      0.11182961
                   1.872                      0.11125357
                   1.874                      0.11067321
                   1.876                      0.11008874
                   1.878                      0.10950055
                    1.88                      0.10890909
                   1.882                      0.10831497
               1.8839999                      0.10771883
                   1.886                      0.10712134
                   1.888                      0.10652319
                    1.89                      0.10592502
                   1.892                      0.10532736
               1.8940001                      0.10473067
                   1.896                      0.10413527
                   1.898                      0.10354129
                     1.9                      0.10294874
                   1.902                      0.10235742
                   1.904                      0.10176696
                   1.906                      0.10117687
                   1.908                      0.10058647
                    1.91                     0.099995054
               1.9119999                     0.099401787
                   1.914                     0.098805808
                   1.916                     0.098206289
                   1.918                      0.09760242
                    1.92                     0.096993536
               1.9220001                     0.096379042
                   1.924                     0.095758557
                   1.926                     0.095131844
                   1.928                     0.094498888
               1.9299999                     0.093859874
                   1.932                     0.093215175
                   1.934                     0.092565425
                   1.936                     0.091911353
                   1.938                     0.091253862
               1.9400001                     0.090593956
                   1.942                     0.089932717
                   1.944                     0.089271203
                   1.946                     0.088610515
                   1.948                     0.087951586
                    1.95                     0.087295286
                   1.952                     0.086642325
                   1.954                     0.085993178
                   1.956                     0.085348174
               1.9579999                     0.084707342
                    1.96                     0.084070504
                   1.962                     0.083437294
                   1.964                     0.082807072
                   1.966                      0.08217904
               1.9680001                     0.081552282
                    1.97                      0.08092574
                   1.972                     0.080298305
                   1.974                      0.07966888
                   1.976                     0.079036392
                   1.978                     0.078399874
                    1.98                     0.077758476
                   1.982                     0.077111572
                   1.984                       0.0764587
               1.9859999                     0.075799637
                   1.988                     0.075134434
                    1.99                     0.074463345
                   1.992                     0.073786892
                   1.994                     0.073105805
               1.9960001                     0.072420947
                   1.998                       0.0717334
                       2                     0.071044318

