        Frequency / GHz                S3,3/real
----------------------------------------------------------------------
                       0                      0.99999994
            0.0020000001                      0.99999923
            0.0040000002                      0.99999732
            0.0060000001                      0.99999422
            0.0080000004                      0.99998981
            0.0099999998                      0.99998444
                   0.012                      0.99997807
                   0.014                      0.99997085
             0.016000001                      0.99996287
             0.017999999                      0.99995452
                    0.02                      0.99994582
                   0.022                      0.99993688
                   0.024                      0.99992788
             0.026000001                        0.999919
             0.028000001                       0.9999103
             0.029999999                      0.99990195
             0.032000002                      0.99989396
             0.034000002                      0.99988639
             0.035999998                       0.9998793
             0.037999999                      0.99987257
             0.039999999                      0.99986625
             0.041999999                      0.99986029
                   0.044                      0.99985451
                   0.046                      0.99984884
                   0.048                      0.99984312
             0.050000001                      0.99983728
             0.052000001                      0.99983114
             0.054000001                      0.99982435
             0.056000002                      0.99981695
             0.057999998                      0.99980879
             0.059999999                      0.99979955
             0.061999999                      0.99978942
             0.064000003                      0.99977791
                   0.066                      0.99976522
             0.068000004                      0.99975115
                    0.07                      0.99973583
             0.071999997                      0.99971926
             0.074000001                      0.99970126
             0.075999998                      0.99968207
             0.078000002                       0.9996618
             0.079999998                      0.99964058
             0.082000002                      0.99961829
             0.083999999                      0.99959552
             0.086000003                      0.99957198
                   0.088                      0.99954814
             0.090000004                      0.99952406
                   0.092                       0.9994998
             0.093999997                       0.9994756
             0.096000001                      0.99945158
             0.097999997                      0.99942786
                     0.1                      0.99940449
                   0.102                      0.99938154
                   0.104                      0.99935895
                   0.106                      0.99933678
                   0.108                       0.9993149
                    0.11                      0.99929339
                   0.112                      0.99927205
                   0.114                      0.99925077
                   0.116                      0.99922949
                   0.118                      0.99920791
                    0.12                      0.99918598
                   0.122                      0.99916351
                   0.124                      0.99914032
                   0.126                      0.99911624
              0.12800001                      0.99909121
                    0.13                      0.99906492
                   0.132                      0.99903738
                   0.134                      0.99900848
              0.13600001                      0.99897826
                   0.138                      0.99894655
                    0.14                      0.99891347
                   0.142                       0.9988789
              0.14399999                      0.99884295
                   0.146                      0.99880582
                   0.148                      0.99876755
              0.15000001                      0.99872822
                   0.152                      0.99868804
                   0.154                      0.99864715
                   0.156                      0.99860579
              0.15800001                        0.998564
                    0.16                      0.99852192
                   0.162                       0.9984799
                   0.164                      0.99843788
              0.16599999                      0.99839592
                   0.168                      0.99835426
                    0.17                      0.99831289
              0.17200001                      0.99827176
              0.17399999                      0.99823093
                   0.176                       0.9981904
                   0.178                      0.99815005
              0.18000001                      0.99810976
                   0.182                      0.99806947
                   0.184                      0.99802893
                   0.186                       0.9979881
              0.18799999                       0.9979468
                    0.19                      0.99790478
                   0.192                      0.99786186
              0.19400001                      0.99781787
              0.19599999                      0.99777275
                   0.198                      0.99772626
                     0.2                      0.99767834
              0.20200001                      0.99762881
                   0.204                      0.99757767
                   0.206                      0.99752486
                   0.208                       0.9974705
              0.20999999                      0.99741435
                   0.212                      0.99735665
                   0.214                      0.99729747
              0.21600001                      0.99723697
              0.21799999                      0.99717516
                    0.22                      0.99711227
                   0.222                      0.99704844
              0.22400001                      0.99698389
                   0.226                      0.99691862
                   0.228                      0.99685299
                    0.23                      0.99678707
              0.23199999                      0.99672109
                   0.234                      0.99665493
                   0.236                      0.99658895
              0.23800001                      0.99652296
              0.23999999                      0.99645716
                   0.242                      0.99639148
                   0.244                      0.99632597
              0.24600001                       0.9962604
                   0.248                      0.99619472
                    0.25                      0.99612892
                   0.252                       0.9960627
              0.25400001                      0.99599588
              0.25600001                      0.99592847
              0.25799999                      0.99586004
              0.25999999                      0.99579066
              0.26199999                      0.99571979
                   0.264                      0.99564755
                   0.266                      0.99557382
              0.26800001                      0.99549812
              0.27000001                      0.99542069
              0.27200001                       0.9953413
              0.27399999                      0.99525988
              0.27599999                      0.99517649
                   0.278                      0.99509102
                    0.28                      0.99500364
              0.28200001                      0.99491441
              0.28400001                       0.9948234
              0.28600001                      0.99473089
              0.28799999                      0.99463677
              0.28999999                      0.99454147
                   0.292                      0.99444503
                   0.294                      0.99434763
                   0.296                      0.99424952
              0.29800001                      0.99415076
              0.30000001                      0.99405146
              0.30199999                      0.99395192
              0.30399999                      0.99385214
              0.30599999                      0.99375218
                   0.308                      0.99365199
                    0.31                      0.99355173
              0.31200001                       0.9934513
              0.31400001                      0.99335051
              0.31600001                      0.99324936
              0.31799999                      0.99314767
              0.31999999                      0.99304527
                   0.322                      0.99294209
                   0.324                      0.99283773
              0.32600001                      0.99273217
              0.32800001                      0.99262512
              0.33000001                      0.99251628
              0.33199999                      0.99240547
              0.33399999                      0.99229264
                   0.336                      0.99217755
                   0.338                      0.99205995
                    0.34                      0.99193996
              0.34200001                       0.9918173
              0.34400001                      0.99169201
              0.34599999                      0.99156415
              0.34799999                      0.99143368
              0.34999999                       0.9913007
                   0.352                      0.99116534
                   0.354                      0.99102765
              0.35600001                      0.99088794
              0.35800001                       0.9907462
              0.36000001                      0.99060267
              0.36199999                      0.99045765
              0.36399999                      0.99031121
                   0.366                      0.99016345
                   0.368                      0.99001473
                    0.37                      0.98986495
              0.37200001                      0.98971438
              0.37400001                      0.98956305
              0.37599999                        0.989411
              0.37799999                      0.98925817
                    0.38                      0.98910445
                   0.382                      0.98895001
                   0.384                      0.98879451
              0.38600001                       0.9886378
              0.38800001                      0.98847979
              0.38999999                      0.98832029
              0.39199999                      0.98815894
              0.39399999                      0.98799551
                   0.396                      0.98782986
                   0.398                      0.98766166
              0.40000001                      0.98749059
              0.40200001                      0.98731673
              0.40400001                      0.98713952
              0.40599999                      0.98695886
              0.40799999                       0.9867748
                    0.41                      0.98658699
                   0.412                      0.98639548
                   0.414                      0.98620027
              0.41600001                      0.98600125
              0.41800001                       0.9857986
              0.41999999                      0.98559237
              0.42199999                      0.98538262
              0.42399999                      0.98516959
                   0.426                      0.98495334
                   0.428                      0.98473412
              0.43000001                      0.98451215
              0.43200001                       0.9842875
              0.43399999                      0.98406047
              0.43599999                      0.98383111
              0.43799999                      0.98359966
                    0.44                      0.98336619
                   0.442                      0.98313069
              0.44400001                      0.98289329
              0.44600001                      0.98265398
              0.44800001                      0.98241264
              0.44999999                      0.98216927
              0.45199999                       0.9819237
                   0.454                      0.98167562
                   0.456                      0.98142493
                   0.458                      0.98117143
              0.46000001                      0.98091477
              0.46200001                       0.9806546
              0.46399999                      0.98039073
              0.46599999                      0.98012275
              0.46799999                      0.97985035
                    0.47                      0.97957343
                   0.472                      0.97929156
              0.47400001                      0.97900444
              0.47600001                      0.97871202
              0.47799999                      0.97841394
              0.47999999                      0.97811025
              0.48199999                      0.97780085
                   0.484                      0.97748554
                   0.486                      0.97716451
              0.48800001                      0.97683764
              0.49000001                       0.9765051
              0.49200001                      0.97616702
              0.49399999                      0.97582364
              0.49599999                      0.97547483
                   0.498                      0.97512102
                     0.5                      0.97476232
              0.50199997                      0.97439879
              0.50400001                      0.97403073
              0.50599998                       0.9736582
              0.50800002                      0.97328126
              0.50999999                      0.97290009
              0.51200002                      0.97251451
                   0.514                      0.97212476
              0.51599997                      0.97173053
              0.51800001                      0.97133189
              0.51999998                      0.97092855
              0.52200001                      0.97052026
              0.52399999                      0.97010678
              0.52600002                      0.96968794
                   0.528                      0.96926308
              0.52999997                      0.96883225
              0.53200001                       0.9683947
              0.53399998                      0.96795011
              0.53600001                       0.9674983
              0.53799999                      0.96703875
              0.54000002                      0.96657097
                   0.542                      0.96609485
              0.54400003                      0.96560985
                   0.546                      0.96511585
              0.54799998                      0.96461248
              0.55000001                      0.96409965
              0.55199999                      0.96357733
              0.55400002                      0.96304542
              0.55599999                      0.96250361
              0.55800003                      0.96195227
                    0.56                      0.96139115
              0.56199998                      0.96082044
              0.56400001                      0.96024054
              0.56599998                      0.95965123
              0.56800002                      0.95905268
              0.56999999                      0.95844507
              0.57200003                      0.95782846
                   0.574                      0.95720309
              0.57599998                       0.9565689
              0.57800001                        0.955926
              0.57999998                      0.95527434
              0.58200002                      0.95461386
              0.58399999                       0.9539445
              0.58600003                      0.95326596
                   0.588                      0.95257819
              0.58999997                      0.95188075
              0.59200001                      0.95117331
              0.59399998                      0.95045555
              0.59600002                        0.949727
              0.59799999                      0.94898707
              0.60000002                      0.94823539
                   0.602                       0.9474715
              0.60399997                      0.94669467
              0.60600001                      0.94590449
              0.60799998                      0.94510061
              0.61000001                      0.94428223
              0.61199999                      0.94344896
              0.61400002                      0.94260049
                   0.616                      0.94173634
              0.61799997                      0.94085628
                    0.62                      0.93995988
              0.62199998                      0.93904698
              0.62400001                      0.93811744
              0.62599999                       0.9371711
              0.62800002                      0.93620777
                    0.63                      0.93522751
              0.63200003                      0.93423033
                   0.634                      0.93321609
              0.63599998                      0.93218511
              0.63800001                       0.9311372
              0.63999999                      0.93007231
              0.64200002                       0.9289906
              0.64399999                      0.92789185
              0.64600003                      0.92677623
                   0.648                      0.92564362
              0.64999998                      0.92449355
              0.65200001                      0.92332608
              0.65399998                      0.92214078
              0.65600002                      0.92093724
              0.65799999                      0.91971517
              0.66000003                      0.91847402
                   0.662                      0.91721308
              0.66399997                      0.91593188
              0.66600001                      0.91462976
              0.66799998                      0.91330582
              0.67000002                      0.91195941
              0.67199999                      0.91058975
              0.67400002                      0.90919608
                   0.676                      0.90777767
              0.67799997                      0.90633368
              0.68000001                      0.90486312
              0.68199998                      0.90336567
              0.68400002                      0.90184027
              0.68599999                      0.90028644
              0.68800002                      0.89870352
                    0.69                      0.89709109
              0.69199997                      0.89544857
              0.69400001                      0.89377534
              0.69599998                      0.89207131
              0.69800001                      0.89033586
              0.69999999                       0.8885687
              0.70200002                      0.88676971
                   0.704                      0.88493848
              0.70599997                       0.8830747
                   0.708                      0.88117814
              0.70999998                      0.87924844
              0.71200001                      0.87728536
              0.71399999                      0.87528843
              0.71600002                      0.87325722
              0.71799999                       0.8711912
              0.72000003                      0.86908996
                   0.722                      0.86695266
              0.72399998                      0.86477864
              0.72600001                      0.86256713
              0.72799999                      0.86031705
              0.73000002                      0.85802758
              0.73199999                      0.85569751
              0.73400003                      0.85332584
                   0.736                       0.8509112
              0.73799998                      0.84845239
              0.74000001                      0.84594804
              0.74199998                      0.84339684
              0.74400002                      0.84079736
              0.74599999                      0.83814818
              0.74800003                      0.83544809
                    0.75                      0.83269536
              0.75199997                      0.82988894
              0.75400001                      0.82702732
              0.75599998                      0.82410926
              0.75800002                      0.82113349
              0.75999999                       0.8180989
              0.76200002                      0.81500411
                   0.764                      0.81184816
              0.76599997                      0.80863005
              0.76800001                      0.80534858
              0.76999998                      0.80200279
              0.77200001                      0.79859173
              0.77399999                      0.79511446
              0.77600002                      0.79157001
                   0.778                      0.78795737
              0.77999997                      0.78427547
              0.78200001                       0.7805236
              0.78399998                      0.77670038
              0.78600001                       0.7728048
              0.78799999                      0.76883572
              0.79000002                      0.76479179
                   0.792                      0.76067191
              0.79400003                      0.75647455
                   0.796                      0.75219834
              0.79799998                      0.74784178
              0.80000001                      0.74340343
              0.80199999                      0.73888147
              0.80400002                      0.73427439
              0.80599999                       0.7295807
              0.80800003                       0.7247985
                    0.81                      0.71992624
              0.81199998                      0.71496248
              0.81400001                      0.70990568
              0.81599998                      0.70475411
              0.81800002                      0.69950664
              0.81999999                      0.69416201
              0.82200003                      0.68871903
                   0.824                      0.68317676
              0.82599998                      0.67753464
              0.82800001                      0.67179179
              0.82999998                      0.66594797
              0.83200002                      0.66000307
              0.83399999                      0.65395695
              0.83600003                       0.6478101
                   0.838                      0.64156294
              0.83999997                      0.63521618
              0.84200001                      0.62877089
              0.84399998                      0.62222826
              0.84600002                       0.6155898
              0.84799999                      0.60885715
              0.85000002                      0.60203242
                   0.852                      0.59511757
              0.85399997                      0.58811516
              0.85600001                      0.58102781
              0.85799998                      0.57385826
              0.86000001                      0.56660962
              0.86199999                      0.55928522
              0.86400002                      0.55188864
                   0.866                      0.54442346
              0.86799997                      0.53689373
                    0.87                      0.52930379
              0.87199998                      0.52165794
              0.87400001                       0.5139609
              0.87599999                      0.50621754
              0.87800002                      0.49843293
                    0.88                      0.49061275
              0.88200003                      0.48276237
                   0.884                      0.47488788
              0.88599998                      0.46699521
              0.88800001                      0.45909092
              0.88999999                      0.45118144
              0.89200002                      0.44327357
              0.89399999                      0.43537438
              0.89600003                      0.42749092
                   0.898                      0.41963038
              0.89999998                      0.41180027
              0.90200001                        0.404008
              0.90399998                      0.39626101
              0.90600002                      0.38856679
              0.90799999                      0.38093275
              0.91000003                       0.3733663
                   0.912                       0.3658745
              0.91399997                       0.3584646
              0.91600001                      0.35114315
              0.91799998                      0.34391671
              0.92000002                      0.33679152
              0.92199999                      0.32977334
              0.92400002                       0.3228676
                   0.926                      0.31607935
              0.92799997                      0.30941308
              0.93000001                      0.30287278
              0.93199998                      0.29646203
              0.93400002                      0.29018393
              0.93599999                      0.28404093
              0.93800002                      0.27803513
                    0.94                      0.27216798
              0.94199997                      0.26644054
              0.94400001                      0.26085332
              0.94599998                      0.25540665
              0.94800001                      0.25010011
              0.94999999                      0.24493311
              0.95200002                       0.2399047
                   0.954                      0.23501366
              0.95599997                      0.23025855
                   0.958                      0.22563769
              0.95999998                      0.22114925
              0.96200001                      0.21679132
              0.96399999                      0.21256198
              0.96600002                      0.20845921
              0.96799999                      0.20448104
              0.97000003                      0.20062557
                   0.972                      0.19689097
              0.97399998                      0.19327553
              0.97600001                      0.18977764
              0.97799999                      0.18639587
              0.98000002                      0.18312892
              0.98199999                      0.17997566
              0.98400003                      0.17693518
                   0.986                      0.17400664
              0.98799998                      0.17118947
              0.99000001                      0.16848312
              0.99199998                      0.16588739
              0.99400002                      0.16340204
              0.99599999                        0.161027
              0.99800003                      0.15876237
                       1                      0.15660828
                   1.002                      0.15456504
               1.0039999                      0.15263292
                   1.006                      0.15081237
                   1.008                      0.14910384
                    1.01                      0.14750785
                   1.012                      0.14602499
               1.0140001                      0.14465587
                   1.016                      0.14340116
                   1.018                      0.14226158
                    1.02                       0.1412379
                   1.022                      0.14033091
                   1.024                      0.13954151
                   1.026                       0.1388706
                   1.028                      0.13831913
                    1.03                      0.13788818
               1.0319999                       0.1375788
                   1.034                      0.13739212
                   1.036                      0.13732934
                   1.038                      0.13739163
                    1.04                      0.13758023
               1.0420001                      0.13789642
                   1.044                      0.13834143
                   1.046                      0.13891646
                   1.048                      0.13962273
                    1.05                      0.14046137
                   1.052                      0.14143336
                   1.054                      0.14253967
                   1.056                      0.14378104
                   1.058                       0.1451581
               1.0599999                      0.14667131
                   1.062                      0.14832085
                   1.064                      0.15010674
                   1.066                      0.15202871
                   1.068                      0.15408623
               1.0700001                      0.15627848
                   1.072                      0.15860438
                   1.074                      0.16106257
                   1.076                      0.16365136
               1.0779999                      0.16636878
                    1.08                      0.16921264
                   1.082                       0.1721804
                   1.084                      0.17526938
                   1.086                       0.1784766
               1.0880001                      0.18179895
                    1.09                      0.18523306
                   1.092                      0.18877549
                   1.094                      0.19242269
                   1.096                      0.19617102
                   1.098                      0.20001677
                     1.1                       0.2039562
                   1.102                      0.20798564
                   1.104                       0.2121014
               1.1059999                      0.21629988
                   1.108                      0.22057752
                    1.11                       0.2249309
                   1.112                      0.22935663
                   1.114                      0.23385155
               1.1160001                       0.2384125
                   1.118                      0.24303646
                    1.12                      0.24772061
                   1.122                      0.25246212
                   1.124                      0.25725833
                   1.126                      0.26210663
                   1.128                      0.26700446
                    1.13                      0.27194935
                   1.132                      0.27693892
               1.1339999                      0.28197065
                   1.136                      0.28704217
                   1.138                      0.29215106
                    1.14                      0.29729488
                   1.142                      0.30247113
               1.1440001                      0.30767727
                   1.146                      0.31291077
                   1.148                      0.31816903
                    1.15                      0.32344946
                   1.152                      0.32874933
                   1.154                      0.33406594
                   1.156                      0.33939663
                   1.158                      0.34473863
                    1.16                      0.35008928
               1.1619999                      0.35544592
                   1.164                      0.36080593
                   1.166                       0.3661668
                   1.168                      0.37152594
                    1.17                      0.37688127
               1.1720001                      0.38223031
                   1.174                      0.38757107
                   1.176                      0.39290163
                   1.178                      0.39822012
               1.1799999                      0.40352488
                   1.182                      0.40881449
                   1.184                      0.41408753
                   1.186                      0.41934285
                   1.188                      0.42457938
               1.1900001                       0.4297961
                   1.192                      0.43499231
                   1.194                      0.44016722
                   1.196                      0.44532016
                   1.198                      0.45045045
                     1.2                      0.45555758
                   1.202                      0.46064085
                   1.204                       0.4656997
                   1.206                      0.47073361
               1.2079999                      0.47574177
                    1.21                      0.48072356
                   1.212                      0.48567808
                   1.214                      0.49060449
                   1.216                      0.49550173
               1.2180001                      0.50036883
                    1.22                      0.50520462
                   1.222                      0.51000798
                   1.224                       0.5147776
                   1.226                      0.51951218
                   1.228                      0.52421039
                    1.23                      0.52887088
                   1.232                      0.53349233
                   1.234                      0.53807348
               1.2359999                      0.54261303
                   1.238                      0.54710978
                    1.24                      0.55156273
                   1.242                      0.55597079
                   1.244                      0.56033331
               1.2460001                      0.56464934
                   1.248                      0.56891859
                    1.25                      0.57314044
                   1.252                      0.57731473
               1.2539999                      0.58144134
                   1.256                      0.58552033
                   1.258                      0.58955187
                    1.26                       0.5935362
                   1.262                      0.59747392
               1.2640001                      0.60136533
                   1.266                      0.60521102
                   1.268                      0.60901177
                    1.27                      0.61276805
                   1.272                      0.61648065
                   1.274                      0.62015003
                   1.276                      0.62377691
                   1.278                      0.62736183
                    1.28                      0.63090527
               1.2819999                      0.63440752
                   1.284                        0.637869
                   1.286                      0.64128977
                   1.288                      0.64467001
                    1.29                      0.64800984
               1.2920001                      0.65130907
                   1.294                      0.65456754
                   1.296                      0.65778512
                   1.298                      0.66096157
                     1.3                      0.66409647
                   1.302                      0.66718972
                   1.304                        0.670241
                   1.306                      0.67324996
                   1.308                       0.6762166
               1.3099999                      0.67914057
                   1.312                      0.68202198
                   1.314                      0.68486089
                   1.316                      0.68765748
                   1.318                      0.69041204
               1.3200001                      0.69312501
                   1.322                      0.69579709
                   1.324                      0.69842875
                   1.326                       0.7010209
               1.3279999                      0.70357454
                    1.33                      0.70609051
                   1.332                      0.70857006
                   1.334                      0.71101421
                   1.336                      0.71342421
               1.3380001                      0.71580124
                    1.34                      0.71814644
                   1.342                      0.72046095
                   1.344                       0.7227459
                   1.346                      0.72500247
                   1.348                      0.72723138
                    1.35                       0.7294336
                   1.352                       0.7316097
                   1.354                      0.73376048
               1.3559999                      0.73588634
                   1.358                      0.73798752
                    1.36                      0.74006444
                   1.362                      0.74211711
                   1.364                      0.74414545
               1.3660001                       0.7461496
                   1.368                      0.74812919
                    1.37                      0.75008416
                   1.372                      0.75201422
                   1.374                      0.75391918
                   1.376                      0.75579876
                   1.378                      0.75765282
                    1.38                      0.75948119
                   1.382                      0.76128376
               1.3839999                      0.76306063
                   1.386                      0.76481187
                   1.388                      0.76653779
                    1.39                       0.7682386
                   1.392                      0.76991493
               1.3940001                      0.77156717
                   1.396                       0.7731961
                   1.398                      0.77480245
                     1.4                      0.77638716
                   1.402                      0.77795094
                   1.404                      0.77949506
                   1.406                      0.78102028
                   1.408                      0.78252769
                    1.41                      0.78401822
               1.4119999                      0.78549272
                   1.414                      0.78695232
                   1.416                      0.78839749
                   1.418                      0.78982925
                    1.42                      0.79124784
               1.4220001                       0.7926541
                   1.424                      0.79404807
                   1.426                      0.79543006
                   1.428                       0.7968002
               1.4299999                      0.79815853
                   1.432                      0.79950464
                   1.434                      0.80083847
                   1.436                      0.80215961
                   1.438                      0.80346769
               1.4400001                      0.80476218
                   1.442                      0.80604267
                   1.444                      0.80730867
                   1.446                      0.80855978
                   1.448                      0.80979538
                    1.45                      0.81101531
                   1.452                       0.8122192
                   1.454                      0.81340677
                   1.456                      0.81457818
               1.4579999                      0.81573331
                    1.46                       0.8168723
                   1.462                      0.81799549
                   1.464                      0.81910324
                   1.466                      0.82019597
               1.4680001                      0.82127446
                    1.47                      0.82233936
                   1.472                      0.82339126
                   1.474                      0.82443112
                   1.476                      0.82545978
                   1.478                      0.82647794
                    1.48                       0.8274864
                   1.482                       0.8284862
                   1.484                      0.82947779
               1.4859999                      0.83046192
                   1.488                      0.83143914
                    1.49                       0.8324098
                   1.492                      0.83337432
                   1.494                      0.83433276
               1.4960001                      0.83528531
                   1.498                      0.83623189
                     1.5                      0.83717233
                   1.502                      0.83810627
               1.5039999                      0.83903337
                   1.506                      0.83995318
                   1.508                      0.84086519
                    1.51                       0.8417688
                   1.512                      0.84266353
               1.5140001                       0.8435486
                   1.516                      0.84442359
                   1.518                      0.84528816
                    1.52                       0.8461417
                   1.522                      0.84698385
                   1.524                      0.84781432
                   1.526                      0.84863317
                   1.528                      0.84944028
                    1.53                      0.85023576
               1.5319999                      0.85101986
                   1.534                      0.85179281
                   1.536                      0.85255533
                   1.538                      0.85330772
                    1.54                       0.8540507
               1.5420001                      0.85478503
                   1.544                      0.85551137
                   1.546                      0.85623056
                   1.548                      0.85694343
                    1.55                      0.85765052
                   1.552                      0.85835266
                   1.554                      0.85905045
                   1.556                      0.85974449
                   1.558                      0.86043525
               1.5599999                      0.86112297
                   1.562                        0.861808
                   1.564                      0.86249036
                   1.566                      0.86317009
                   1.568                      0.86384702
               1.5700001                      0.86452085
                   1.572                      0.86519128
                   1.574                      0.86585772
                   1.576                      0.86651987
               1.5779999                      0.86717695
                    1.58                      0.86782837
                   1.582                      0.86847359
                   1.584                      0.86911184
                   1.586                      0.86974275
               1.5880001                      0.87036562
                    1.59                      0.87098002
                   1.592                      0.87158573
                   1.594                      0.87218231
                   1.596                      0.87276959
                   1.598                      0.87334776
                     1.6                       0.8739168
                   1.602                      0.87447691
                   1.604                      0.87502849
               1.6059999                      0.87557191
                   1.608                      0.87610775
                    1.61                      0.87663656
                   1.612                      0.87715918
                   1.614                      0.87767619
               1.6160001                      0.87818831
                   1.618                      0.87869632
                    1.62                      0.87920088
                   1.622                      0.87970263
                   1.624                      0.88020205
                   1.626                      0.88069987
                   1.628                      0.88119632
                    1.63                      0.88169163
                   1.632                      0.88218606
               1.6339999                      0.88267958
                   1.636                      0.88317204
                   1.638                      0.88366324
                    1.64                      0.88415295
                   1.642                      0.88464057
               1.6440001                      0.88512582
                   1.646                      0.88560802
                   1.648                      0.88608652
                    1.65                      0.88656068
                   1.652                      0.88702983
                   1.654                      0.88749331
                   1.656                      0.88795072
                   1.658                      0.88840139
                    1.66                      0.88884497
               1.6619999                      0.88928103
                   1.664                      0.88970947
                   1.666                      0.89013004
                   1.668                      0.89054286
                    1.67                      0.89094794
               1.6720001                      0.89134568
                   1.674                      0.89173639
                   1.676                       0.8921206
                   1.678                      0.89249885
               1.6799999                      0.89287162
                   1.682                       0.8932398
                   1.684                       0.8936041
                   1.686                      0.89396507
                   1.688                      0.89432353
               1.6900001                      0.89468014
                   1.692                      0.89503556
                   1.694                      0.89539015
                   1.696                      0.89574468
                   1.698                      0.89609927
                     1.7                       0.8964541
                   1.702                      0.89680952
                   1.704                      0.89716512
                   1.706                      0.89752102
               1.7079999                      0.89787692
                    1.71                      0.89823246
                   1.712                      0.89858717
                   1.714                      0.89894044
                   1.716                      0.89929187
               1.7180001                      0.89964074
                    1.72                      0.89998645
                   1.722                      0.90032822
                   1.724                      0.90066564
                   1.726                      0.90099806
                   1.728                      0.90132493
                    1.73                      0.90164608
                   1.732                      0.90196115
                   1.734                       0.9022699
               1.7359999                      0.90257239
                   1.738                      0.90286869
                    1.74                      0.90315884
                   1.742                      0.90344334
                   1.744                      0.90372258
               1.7460001                      0.90399706
                   1.748                      0.90426743
                    1.75                      0.90453422
                   1.752                      0.90479821
               1.7539999                      0.90506011
                   1.756                       0.9053207
                   1.758                      0.90558058
                    1.76                      0.90584028
                   1.762                      0.90610069
               1.7640001                        0.906362
                   1.766                      0.90662467
                   1.768                      0.90688902
                    1.77                      0.90715516
                   1.772                      0.90742314
                   1.774                      0.90769273
                   1.776                      0.90796393
                   1.778                      0.90823627
                    1.78                      0.90850931
               1.7819999                      0.90878254
                   1.784                      0.90905541
                   1.786                      0.90932721
                   1.788                       0.9095974
                    1.79                      0.90986538
               1.7920001                      0.91013032
                   1.794                      0.91039175
                   1.796                      0.91064912
                   1.798                      0.91090208
                     1.8                       0.9111501
                   1.802                      0.91139311
                   1.804                      0.91163099
                   1.806                      0.91186351
                   1.808                      0.91209108
               1.8099999                      0.91231382
                   1.812                      0.91253215
                   1.814                      0.91274643
                   1.816                      0.91295719
                   1.818                      0.91316521
               1.8200001                      0.91337103
                   1.822                      0.91357535
                   1.824                      0.91377884
                   1.826                      0.91398233
               1.8279999                      0.91418618
                    1.83                      0.91439116
                   1.832                      0.91459769
                   1.834                      0.91480619
                   1.836                      0.91501683
               1.8380001                       0.9152298
                    1.84                      0.91544527
                   1.842                      0.91566306
                   1.844                      0.91588295
                   1.846                      0.91610467
                   1.848                       0.9163276
                    1.85                      0.91655141
                   1.852                      0.91677547
                   1.854                       0.9169991
               1.8559999                      0.91722161
                   1.858                      0.91744232
                    1.86                      0.91766053
                   1.862                      0.91787559
                   1.864                      0.91808701
               1.8660001                      0.91829407
                   1.868                      0.91849661
                    1.87                       0.9186942
                   1.872                       0.9188866
                   1.874                      0.91907394
                   1.876                      0.91925603
                   1.878                      0.91943324
                    1.88                      0.91960567
                   1.882                        0.919774
               1.8839999                       0.9199385
                   1.886                      0.92009979
                   1.888                      0.92025858
                    1.89                       0.9204154
                   1.892                      0.92057109
               1.8940001                      0.92072624
                   1.896                      0.92088145
                   1.898                      0.92103726
                     1.9                      0.92119426
                   1.902                       0.9213528
                   1.904                      0.92151314
                   1.906                      0.92167544
                   1.908                      0.92183983
                    1.91                      0.92200619
               1.9119999                      0.92217427
                   1.914                      0.92234391
                   1.916                      0.92251444
                   1.918                       0.9226855
                    1.92                      0.92285645
               1.9220001                      0.92302656
                   1.924                      0.92319524
                   1.926                      0.92336172
                   1.928                      0.92352527
               1.9299999                      0.92368519
                   1.932                      0.92384094
                   1.934                      0.92399198
                   1.936                      0.92413783
                   1.938                       0.9242782
               1.9400001                      0.92441273
                   1.942                      0.92454159
                   1.944                      0.92466456
                   1.946                      0.92478204
                   1.948                      0.92489415
                    1.95                      0.92500144
                   1.952                      0.92510426
                   1.954                      0.92520332
                   1.956                      0.92529929
               1.9579999                      0.92539293
                    1.96                      0.92548478
                   1.962                      0.92557561
                   1.964                      0.92566621
                   1.966                      0.92575717
               1.9680001                      0.92584902
                    1.97                       0.9259423
                   1.972                      0.92603725
                   1.974                      0.92613417
                   1.976                      0.92623323
                   1.978                       0.9263345
                    1.98                      0.92643762
                   1.982                       0.9265424
                   1.984                      0.92664862
               1.9859999                      0.92675561
                   1.988                       0.9268629
                    1.99                      0.92696983
                   1.992                      0.92707574
                   1.994                      0.92718005
               1.9960001                       0.9272818
                   1.998                      0.92738068
                       2                      0.92747581

