        Frequency / GHz                S1,2/real
----------------------------------------------------------------------
                       0                    1.903884e-05
            0.0020000001                   1.8716586e-05
            0.0040000002                   1.7760871e-05
            0.0060000001                   1.6204436e-05
            0.0080000004                   1.4100621e-05
            0.0099999998                   1.1521534e-05
                   0.012                   8.5555939e-06
                   0.014                   5.3045228e-06
             0.016000001                   1.8798695e-06
             0.017999999                  -1.6007918e-06
                    0.02                  -5.0178755e-06
                   0.022                  -8.2538654e-06
                   0.024                  -1.1197333e-05
             0.026000001                  -1.3746739e-05
             0.028000001                  -1.5813926e-05
             0.029999999                  -1.7327127e-05
             0.032000002                  -1.8233422e-05
             0.034000002                  -1.8500567e-05
             0.035999998                  -1.8118182e-05
             0.037999999                  -1.7098006e-05
             0.039999999                  -1.5473692e-05
             0.041999999                  -1.3299526e-05
                   0.044                  -1.0648699e-05
                   0.046                  -7.6108317e-06
                   0.048                  -4.2889637e-06
             0.050000001                  -7.9607838e-07
             0.052000001                   2.7487602e-06
             0.054000001                   6.2243757e-06
             0.056000002                   9.5117257e-06
             0.057999998                   1.2497687e-05
             0.059999999                   1.5079138e-05
             0.061999999                    1.716638e-05
             0.064000003                   1.8686116e-05
                   0.066                   1.9583986e-05
             0.068000004                    1.982641e-05
                    0.07                    1.940189e-05
             0.071999997                   1.8321105e-05
             0.074000001                    1.661677e-05
             0.075999998                   1.4342465e-05
             0.078000002                   1.1570904e-05
             0.079999998                     8.39122e-06
             0.082000002                   4.9062173e-06
             0.083999999                   1.2287675e-06
             0.086000003                  -2.5221914e-06
                   0.088                  -6.2254917e-06
             0.090000004                   -9.761914e-06
                   0.092                  -1.3018476e-05
             0.093999997                  -1.5891956e-05
             0.096000001                  -1.8292751e-05
             0.097999997                  -2.0147714e-05
                     0.1                  -2.1402959e-05
                   0.102                  -2.2025488e-05
                   0.104                  -2.2004373e-05
                   0.106                  -2.1351438e-05
                   0.108                    -2.01004e-05
                    0.11                  -1.8306437e-05
                   0.112                  -1.6043696e-05
                   0.114                   -1.340341e-05
                   0.116                  -1.0490137e-05
                   0.118                  -7.4190443e-06
                    0.12                   -4.311124e-06
                   0.122                  -1.2901027e-06
                   0.124                   1.5226324e-06
                   0.126                   4.0120112e-06
              0.12800001                   6.0724583e-06
                    0.13                   7.6125853e-06
                   0.132                   8.5574784e-06
                   0.134                   8.8517181e-06
              0.13600001                   8.4610692e-06
                   0.138                   7.3738433e-06
                    0.14                   5.6011631e-06
                   0.142                   3.1768586e-06
              0.14399999                   1.5592627e-07
                   0.146                  -3.3868614e-06
                   0.148                  -7.3595256e-06
              0.15000001                  -1.1656522e-05
                   0.152                  -1.6161675e-05
                   0.154                  -2.0752323e-05
                   0.156                  -2.5303774e-05
              0.15800001                  -2.9693132e-05
                    0.16                  -3.3803943e-05
                   0.162                  -3.7529775e-05
                   0.164                  -4.0778181e-05
              0.16599999                  -4.3473898e-05
                   0.168                  -4.5561177e-05
                    0.17                  -4.7006164e-05
              0.17200001                  -4.7797825e-05
              0.17399999                  -4.7948546e-05
                   0.176                  -4.7493697e-05
                   0.178                  -4.6490575e-05
              0.18000001                  -4.5016608e-05
                   0.182                  -4.3166689e-05
                   0.184                  -4.1049701e-05
                   0.186                   -3.878578e-05
              0.18799999                  -3.6501388e-05
                    0.19                  -3.4325185e-05
                   0.192                  -3.2384021e-05
              0.19400001                  -3.0798674e-05
              0.19599999                   -2.967914e-05
                   0.198                  -2.9121265e-05
                     0.2                  -2.9204079e-05
              0.20200001                  -2.9985637e-05
                   0.204                  -3.1502186e-05
                   0.206                  -3.3766712e-05
                   0.208                  -3.6767753e-05
              0.20999999                  -4.0470823e-05
                   0.212                   -4.481864e-05
                   0.214                  -4.9733204e-05
              0.21600001                  -5.5118977e-05
              0.21799999                  -6.0865365e-05
                    0.22                  -6.6850858e-05
                   0.222                  -7.2947209e-05
              0.22400001                  -7.9023543e-05
                   0.226                  -8.4951185e-05
                   0.228                  -9.0607828e-05
                    0.23                   -9.588166e-05
              0.23199999                  -0.00010067571
                   0.234                  -0.00010491094
                   0.236                  -0.00010852887
              0.23800001                  -0.00011149405
              0.23999999                  -0.00011379511
                   0.242                  -0.00011544562
                   0.244                  -0.00011648345
              0.24600001                  -0.00011696966
                   0.248                  -0.00011698702
                    0.25                  -0.00011663644
                   0.252                  -0.00011603451
              0.25400001                  -0.00011530957
              0.25600001                  -0.00011459662
              0.25799999                   -0.0001140337
              0.25999999                  -0.00011375706
              0.26199999                  -0.00011389625
                   0.264                  -0.00011457028
                   0.266                  -0.00011588258
              0.26800001                  -0.00011791877
              0.27000001                  -0.00012074297
              0.27200001                  -0.00012439555
              0.27399999                  -0.00012889187
              0.27599999                  -0.00013422179
                   0.278                  -0.00014034969
                    0.28                  -0.00014721611
              0.28200001                  -0.00015473913
              0.28400001                   -0.0001628173
              0.28600001                  -0.00017133336
              0.28799999                  -0.00018015812
              0.28999999                  -0.00018915435
                   0.292                  -0.00019818207
                   0.294                  -0.00020710306
                   0.296                   -0.0002157859
              0.29800001                  -0.00022410996
              0.30000001                  -0.00023197051
              0.30199999                   -0.0002392818
              0.30399999                   -0.0002459801
              0.30599999                  -0.00025202634
                   0.308                  -0.00025740769
                    0.31                  -0.00026213806
              0.31200001                  -0.00026625782
              0.31400001                  -0.00026983288
              0.31600001                  -0.00027295217
              0.31799999                  -0.00027572524
              0.31999999                  -0.00027827951
                   0.322                  -0.00028075418
                   0.324                  -0.00028329756
              0.32600001                  -0.00028606123
              0.32800001                  -0.00028919516
              0.33000001                  -0.00029284289
              0.33199999                  -0.00029713687
              0.33399999                   -0.0003021931
                   0.336                  -0.00030810857
                   0.338                  -0.00031495697
                    0.34                  -0.00032278668
              0.34200001                  -0.00033161833
              0.34400001                  -0.00034144495
              0.34599999                  -0.00035223196
              0.34799999                  -0.00036391767
              0.34999999                  -0.00037641628
                   0.352                  -0.00038961979
                   0.354                  -0.00040340199
              0.35600001                  -0.00041762306
              0.35800001                  -0.00043213359
              0.36000001                  -0.00044678108
              0.36199999                  -0.00046141265
              0.36399999                  -0.00047588337
                   0.366                  -0.00049005932
                   0.368                  -0.00050382275
                    0.37                  -0.00051707565
              0.37200001                  -0.00052974577
              0.37400001                  -0.00054178556
              0.37599999                  -0.00055317703
              0.37799999                  -0.00056393153
                    0.38                  -0.00057409034
                   0.382                  -0.00058372156
                   0.384                  -0.00059292105
              0.38600001                  -0.00060180726
              0.38800001                  -0.00061051821
              0.38999999                   -0.0006192078
              0.39199999                  -0.00062803924
              0.39399999                  -0.00063718128
                   0.396                  -0.00064680213
                   0.398                  -0.00065706298
              0.40000001                  -0.00066811475
              0.40200001                  -0.00068009034
              0.40400001                  -0.00069310289
              0.40599999                  -0.00070724008
              0.40799999                  -0.00072256156
                    0.41                  -0.00073909684
                   0.412                   -0.0007568454
                   0.414                  -0.00077577448
              0.41600001                  -0.00079582131
              0.41800001                   -0.0008168958
              0.41999999                  -0.00083888136
              0.42199999                  -0.00086164166
              0.42399999                  -0.00088502205
                   0.426                  -0.00090885727
                   0.428                  -0.00093297544
              0.43000001                  -0.00095720513
              0.43200001                  -0.00098137965
              0.43399999                   -0.0010053451
              0.43599999                   -0.0010289631
              0.43799999                   -0.0010521172
                    0.44                   -0.0010747169
                   0.442                   -0.0010967006
              0.44400001                   -0.0011180388
              0.44600001                   -0.0011387347
              0.44800001                   -0.0011588227
              0.44999999                   -0.0011783728
              0.45199999                   -0.0011974821
                   0.454                   -0.0012162769
                   0.456                   -0.0012349064
                   0.458                   -0.0012535376
              0.46000001                   -0.0012723531
              0.46200001                   -0.0012915399
              0.46399999                   -0.0013112883
              0.46599999                   -0.0013317842
              0.46799999                   -0.0013531996
                    0.47                   -0.0013756941
                   0.472                   -0.0013994008
              0.47400001                   -0.0014244295
              0.47600001                   -0.0014508569
              0.47799999                   -0.0014787304
              0.47999999                   -0.0015080586
              0.48199999                   -0.0015388175
                   0.484                   -0.0015709487
                   0.486                   -0.0016043594
              0.48800001                    -0.001638929
              0.49000001                   -0.0016745109
              0.49200001                   -0.0017109363
              0.49399999                   -0.0017480226
              0.49599999                   -0.0017855763
                   0.498                   -0.0018234039
                     0.5                    -0.001861313
              0.50199997                   -0.0018991217
              0.50400001                   -0.0019366685
              0.50599998                    -0.001973808
              0.50800002                   -0.0020104272
              0.50999999                   -0.0020464428
              0.51200002                   -0.0020818051
                   0.514                   -0.0021165004
              0.51599997                   -0.0021505558
              0.51800001                   -0.0021840329
              0.51999998                   -0.0022170262
              0.52200001                   -0.0022496642
              0.52399999                   -0.0022821054
              0.52600002                   -0.0023145296
                   0.528                   -0.0023471331
              0.52999997                   -0.0023801248
              0.53200001                   -0.0024137171
              0.53399998                   -0.0024481188
              0.53600001                   -0.0024835295
              0.53799999                   -0.0025201319
              0.54000002                   -0.0025580879
                   0.542                   -0.0025975257
              0.54400003                    -0.002638547
                   0.546                   -0.0026812095
              0.54799998                    -0.002725536
              0.55000001                   -0.0027715084
              0.55199999                   -0.0028190655
              0.55400002                   -0.0028681115
              0.55599999                   -0.0029185098
              0.55800003                   -0.0029700913
                    0.56                   -0.0030226633
              0.56199998                   -0.0030760081
              0.56400001                   -0.0031298948
              0.56599998                   -0.0031840806
              0.56800002                   -0.0032383248
              0.56999999                   -0.0032923939
              0.57200003                   -0.0033460655
                   0.574                   -0.0033991395
              0.57599998                     -0.00345144
              0.57800001                   -0.0035028253
              0.57999998                   -0.0035531889
              0.58200002                    -0.003602461
              0.58399999                   -0.0036506129
              0.58600003                   -0.0036976559
                   0.588                   -0.0037436406
              0.58999997                   -0.0037886526
              0.59200001                   -0.0038328075
              0.59399998                   -0.0038762593
              0.59600002                   -0.0039191679
              0.59799999                   -0.0039617172
              0.60000002                   -0.0040040938
                   0.602                     -0.00404649
              0.60399997                   -0.0040890761
              0.60600001                   -0.0041320166
              0.60799998                   -0.0041754451
              0.61000001                   -0.0042194664
              0.61199999                   -0.0042641475
              0.61400002                   -0.0043095159
                   0.616                   -0.0043555521
              0.61799997                   -0.0044021811
                    0.62                   -0.0044492888
              0.62199998                   -0.0044967104
              0.62400001                    -0.004544233
              0.62599999                   -0.0045916038
              0.62800002                   -0.0046385326
                    0.63                   -0.0046846927
              0.63200003                    -0.004729738
                   0.634                   -0.0047733122
              0.63599998                    -0.004815029
              0.63800001                   -0.0048545254
              0.63999999                   -0.0048914347
              0.64200002                    -0.004925401
              0.64399999                   -0.0049561085
              0.64600003                   -0.0049832566
                   0.648                   -0.0050065825
              0.64999998                   -0.0050258683
              0.65200001                   -0.0050409315
              0.65399998                   -0.0050516343
              0.65600002                   -0.0050578867
              0.65799999                    -0.005059632
              0.66000003                   -0.0050568543
                   0.662                   -0.0050495714
              0.66399997                   -0.0050378297
              0.66600001                   -0.0050216825
              0.66799998                    -0.005001212
              0.67000002                   -0.0049764886
              0.67199999                   -0.0049475757
              0.67400002                   -0.0049145296
                   0.676                   -0.0048773796
              0.67799997                   -0.0048361113
              0.68000001                   -0.0047906879
              0.68199998                    -0.004741014
              0.68400002                   -0.0046869363
              0.68599999                   -0.0046282541
              0.68800002                   -0.0045647044
                    0.69                   -0.0044959788
              0.69199997                   -0.0044216965
              0.69400001                   -0.0043414203
              0.69599998                   -0.0042546727
              0.69800001                   -0.0041609183
              0.69999999                   -0.0040596076
              0.70200002                   -0.0039501437
                   0.704                   -0.0038318972
              0.70599997                   -0.0037042517
                   0.708                   -0.0035665573
              0.70999998                   -0.0034182174
              0.71200001                   -0.0032586025
              0.71399999                   -0.0030871117
              0.71600002                   -0.0029031897
              0.71799999                   -0.0027063133
              0.72000003                   -0.0024960004
                   0.722                   -0.0022717824
              0.72399998                   -0.0020332721
              0.72600001                   -0.0017800728
              0.72799999                   -0.0015118677
              0.73000002                   -0.0012283443
              0.73199999                  -0.00092924049
              0.73400003                  -0.00061427453
                   0.736                  -0.00028322593
              0.73799998                   6.4187705e-05
              0.74000001                   0.00042820477
              0.74199998                   0.00080912333
              0.74400002                    0.0012072431
              0.74599999                    0.0016229224
              0.74800003                    0.0020566001
                    0.75                    0.0025087181
              0.75199997                    0.0029797954
              0.75400001                    0.0034704779
              0.75599998                    0.0039814129
              0.75800002                    0.0045133871
              0.75999999                    0.0050672055
              0.76200002                    0.0056438074
                   0.764                      0.00624417
              0.76599997                    0.0068693263
              0.76800001                    0.0075203958
              0.76999998                    0.0081985528
              0.77200001                    0.0089049535
              0.77399999                    0.0096408706
              0.77600002                     0.010407499
                   0.778                      0.01120612
              0.77999997                     0.012037947
              0.78200001                     0.012904216
              0.78399998                     0.013806111
              0.78600001                     0.014744779
              0.78799999                     0.015721353
              0.79000002                     0.016736856
                   0.792                      0.01779229
              0.79400003                     0.018888576
                   0.796                     0.020026624
              0.79799998                     0.021207165
              0.80000001                     0.022430982
              0.80199999                     0.023698736
              0.80400002                     0.025011001
              0.80599999                     0.026368426
              0.80800003                     0.027771415
                    0.81                     0.029220492
              0.81199998                     0.030716062
              0.81400001                     0.032258537
              0.81599998                     0.033848252
              0.81800002                     0.035485528
              0.81999999                     0.037170693
              0.82200003                     0.038903944
                   0.824                     0.040685587
              0.82599998                     0.042515721
              0.82800001                     0.044394556
              0.82999998                     0.046322063
              0.83200002                     0.048298273
              0.83399999                     0.050323043
              0.83600003                     0.052396148
                   0.838                     0.054517232
              0.83999997                     0.056685723
              0.84200001                     0.058900908
              0.84399998                     0.061161831
              0.84600002                     0.063467331
              0.84799999                      0.06581597
              0.85000002                     0.068206027
                   0.852                     0.070635401
              0.85399997                     0.073101766
              0.85600001                     0.075602353
              0.85799998                     0.078134075
              0.86000001                     0.080693424
              0.86199999                     0.083276495
              0.86400002                     0.085879028
                   0.866                      0.08849632
              0.86799997                     0.091123268
                    0.87                     0.093754388
              0.87199998                     0.096383795
              0.87400001                     0.099005282
              0.87599999                      0.10161226
              0.87800002                      0.10419782
                    0.88                       0.1067548
              0.88200003                      0.10927573
                   0.884                      0.11175293
              0.88599998                      0.11417857
              0.88800001                      0.11654463
              0.88999999                        0.118843
              0.89200002                      0.12106549
              0.89399999                      0.12320393
              0.89600003                      0.12525012
                   0.898                      0.12719595
              0.89999998                      0.12903343
              0.90200001                      0.13075472
              0.90399998                      0.13235216
              0.90600002                      0.13381828
              0.90799999                      0.13514596
              0.91000003                      0.13632829
                   0.912                      0.13735877
              0.91399997                       0.1382312
              0.91600001                      0.13893981
              0.91799998                      0.13947921
              0.92000002                      0.13984449
              0.92199999                      0.14003119
              0.92400002                       0.1400353
                   0.926                      0.13985336
              0.92799997                      0.13948235
              0.93000001                      0.13891982
              0.93199998                      0.13816385
              0.93400002                      0.13721299
              0.93599999                      0.13606647
              0.93800002                      0.13472398
                    0.94                      0.13318574
              0.94199997                      0.13145253
              0.94400001                      0.12952581
              0.94599998                      0.12740736
              0.94800001                      0.12509961
              0.94999999                      0.12260555
              0.95200002                      0.11992852
                   0.954                      0.11707265
              0.95599997                      0.11404214
                   0.958                      0.11084197
              0.95999998                      0.10747746
              0.96200001                      0.10395417
              0.96399999                      0.10027837
              0.96600002                     0.096456259
              0.96799999                     0.092494719
              0.97000003                     0.088400662
                   0.972                     0.084181398
              0.97399998                     0.079844281
              0.97600001                     0.075396992
              0.97799999                     0.070847347
              0.98000002                     0.066203177
              0.98199999                     0.061472286
              0.98400003                     0.056662623
                   0.986                      0.05178225
              0.98799998                     0.046838935
              0.99000001                     0.041840494
              0.99199998                     0.036794804
              0.99400002                     0.031709321
              0.99599999                     0.026591698
              0.99800003                     0.021449115
                       1                     0.016288744
                   1.002                     0.011117705
               1.0039999                    0.0059427167
                   1.006                   0.00077025703
                   1.008                   -0.0043928991
                    1.01                   -0.0095406752
                   1.012                    -0.014667067
               1.0140001                    -0.019766139
                   1.016                    -0.024832213
                   1.018                    -0.029859684
                    1.02                     -0.03484311
                   1.022                    -0.039777387
                   1.024                    -0.044657487
                   1.026                    -0.049478371
                   1.028                    -0.054235145
                    1.03                    -0.058923114
               1.0319999                    -0.063538074
                   1.034                    -0.068075486
                   1.036                    -0.072530992
                   1.038                    -0.076900423
                    1.04                    -0.081180125
               1.0420001                    -0.085366175
                   1.044                    -0.089454837
                   1.046                    -0.093442917
                   1.048                    -0.097327173
                    1.05                     -0.10110424
                   1.052                     -0.10477197
                   1.054                     -0.10832752
                   1.056                     -0.11176836
                   1.058                     -0.11509307
               1.0599999                     -0.11829936
                   1.062                     -0.12138607
                   1.064                     -0.12435216
                   1.066                     -0.12719634
                   1.068                      -0.1299185
               1.0700001                     -0.13251799
                   1.072                     -0.13499495
                   1.074                     -0.13734967
                   1.076                     -0.13958241
               1.0779999                     -0.14169401
                    1.08                     -0.14368549
                   1.082                     -0.14555797
                   1.084                     -0.14731266
                   1.086                      -0.1489511
               1.0880001                     -0.15047485
                    1.09                     -0.15188551
                   1.092                     -0.15318505
                   1.094                     -0.15437509
                   1.096                     -0.15545768
                   1.098                     -0.15643452
                     1.1                     -0.15730771
                   1.102                      -0.1580788
                   1.104                     -0.15874985
               1.1059999                     -0.15932274
                   1.108                     -0.15979902
                    1.11                     -0.16018057
                   1.112                     -0.16046901
                   1.114                     -0.16066606
               1.1160001                     -0.16077331
                   1.118                     -0.16079235
                    1.12                     -0.16072483
                   1.122                     -0.16057238
                   1.124                     -0.16033654
                   1.126                     -0.16001898
                   1.128                     -0.15962142
                    1.13                     -0.15914559
                   1.132                     -0.15859325
               1.1339999                     -0.15796632
                   1.136                     -0.15726669
                   1.138                     -0.15649641
                    1.14                     -0.15565756
                   1.142                     -0.15475236
               1.1440001                     -0.15378302
                   1.146                     -0.15275194
                   1.148                     -0.15166146
                    1.15                     -0.15051407
                   1.152                     -0.14931221
                   1.154                     -0.14805844
                   1.156                     -0.14675528
                   1.158                     -0.14540522
                    1.16                     -0.14401078
               1.1619999                      -0.1425744
                   1.164                     -0.14109853
                   1.166                     -0.13958544
                   1.168                     -0.13803741
                    1.17                     -0.13645665
               1.1720001                     -0.13484524
                   1.174                     -0.13320503
                   1.176                       -0.131538
                   1.178                     -0.12984589
               1.1799999                     -0.12813038
                   1.182                     -0.12639292
                   1.184                     -0.12463504
                   1.186                     -0.12285808
                   1.188                     -0.12106348
               1.1900001                     -0.11925241
                   1.192                     -0.11742596
                   1.194                     -0.11558552
                   1.196                     -0.11373216
                   1.198                       -0.111867
                     1.2                     -0.10999125
                   1.202                      -0.1081062
                   1.204                     -0.10621286
                   1.206                     -0.10431271
               1.2079999                     -0.10240688
                    1.21                     -0.10049667
                   1.212                    -0.098583624
                   1.214                     -0.09666907
                   1.216                    -0.094754443
               1.2180001                     -0.09284123
                    1.22                    -0.090930842
                   1.222                    -0.089024827
                   1.224                    -0.087124549
                   1.226                    -0.085231557
                   1.228                       -0.083347
                    1.23                    -0.081472479
                   1.232                    -0.079609081
                   1.234                    -0.077757902
               1.2359999                    -0.075919926
                   1.238                    -0.074096315
                    1.24                     -0.07228782
                   1.242                    -0.070495047
                   1.244                    -0.068718426
               1.2460001                    -0.066958733
                   1.248                    -0.065215886
                    1.25                    -0.063490249
                   1.252                    -0.061782006
               1.2539999                    -0.060090844
                   1.256                    -0.058416877
                   1.258                    -0.056759741
                    1.26                    -0.055119433
                   1.262                    -0.053495463
               1.2640001                    -0.051887572
                   1.266                    -0.050295532
                   1.268                    -0.048718929
                    1.27                    -0.047157593
                   1.272                    -0.045611255
                   1.274                     -0.04407981
                   1.276                    -0.042563166
                   1.278                    -0.041061155
                    1.28                    -0.039573878
               1.2819999                    -0.038101636
                   1.284                    -0.036644209
                   1.286                    -0.035202105
                   1.288                    -0.033775683
                    1.29                    -0.032365121
               1.2920001                    -0.030970803
                   1.294                    -0.029593203
                   1.296                    -0.028232621
                   1.298                     -0.02688954
                     1.3                    -0.025564339
                   1.302                     -0.02425723
                   1.304                    -0.022968477
                   1.306                    -0.021698426
                   1.308                    -0.020447057
               1.3099999                    -0.019214485
                   1.312                    -0.018000642
                   1.314                    -0.016805254
                   1.316                    -0.015628273
                   1.318                    -0.014469294
               1.3200001                    -0.013327795
                   1.322                    -0.012203409
                   1.324                    -0.011095493
                   1.326                    -0.010003562
               1.3279999                   -0.0089268684
                    1.33                   -0.0078646624
                   1.332                   -0.0068165264
                   1.334                     -0.00578155
                   1.336                   -0.0047591636
               1.3380001                   -0.0037488895
                    1.34                   -0.0027500261
                   1.342                   -0.0017622131
                   1.344                  -0.00078511052
                   1.346                    0.0001815984
                   1.348                    0.0011382855
                    1.35                     0.002084828
                   1.352                    0.0030213189
                   1.354                    0.0039476021
               1.3559999                    0.0048636589
                   1.358                    0.0057692318
                    1.36                    0.0066639031
                   1.362                    0.0075475634
                   1.364                    0.0084196497
               1.3660001                     0.009279768
                   1.368                     0.010127684
                    1.37                     0.010962963
                   1.372                     0.011785271
                   1.374                     0.012594445
                   1.376                      0.01339013
                   1.378                     0.014172302
                    1.38                     0.014940813
                   1.382                     0.015695762
               1.3839999                     0.016437205
                   1.386                     0.017165426
                   1.388                      0.01788073
                    1.39                     0.018583434
                   1.392                     0.019274058
               1.3940001                     0.019953065
                   1.396                     0.020621097
                   1.398                     0.021278659
                     1.4                     0.021926355
                   1.402                      0.02256484
                   1.404                     0.023194719
                   1.406                     0.023816573
                   1.408                       0.0244308
                    1.41                     0.025037954
               1.4119999                     0.025638415
                   1.414                     0.026232386
                   1.416                     0.026820105
                   1.418                     0.027401764
                    1.42                     0.027977148
               1.4220001                     0.028546391
                   1.424                     0.029109232
                   1.426                     0.029665405
                   1.428                     0.030214639
               1.4299999                     0.030756434
                   1.432                     0.031290539
                   1.434                     0.031816415
                   1.436                     0.032333586
                   1.438                     0.032841649
               1.4400001                     0.033340201
                   1.442                     0.033828765
                   1.444                     0.034307096
                   1.446                     0.034774948
                   1.448                     0.035232071
                    1.45                     0.035678431
                   1.452                     0.036113888
                   1.454                      0.03653872
                   1.456                     0.036953066
               1.4579999                     0.037357025
                    1.46                     0.037751149
                   1.462                     0.038135704
                   1.464                     0.038511205
                   1.466                     0.038878307
               1.4680001                     0.039237291
                    1.47                      0.03958898
                   1.472                     0.039933737
                   1.474                      0.04027215
                   1.476                     0.040604744
                   1.478                     0.040931933
                    1.48                     0.041254155
                   1.482                     0.041571602
                   1.484                     0.041884534
               1.4859999                     0.042193085
                   1.488                     0.042497221
                    1.49                     0.042796966
                   1.492                      0.04309205
                   1.494                     0.043382265
               1.4960001                     0.043667316
                   1.498                     0.043946795
                     1.5                     0.044220239
                   1.502                     0.044487175
               1.5039999                     0.044747181
                   1.506                     0.044999663
                   1.508                     0.045244209
                    1.51                     0.045480326
                   1.512                     0.045707636
               1.5140001                     0.045925785
                   1.516                     0.046134509
                   1.518                     0.046333678
                    1.52                     0.046523128
                   1.522                     0.046702847
                   1.524                     0.046873044
                   1.526                      0.04703382
                   1.528                     0.047185436
                    1.53                     0.047328301
               1.5319999                      0.04746284
                   1.534                     0.047589563
                   1.536                     0.047708906
                   1.538                     0.047821518
                    1.54                     0.047927875
               1.5420001                     0.048028547
                   1.544                     0.048124079
                   1.546                      0.04821489
                   1.548                     0.048301496
                    1.55                     0.048384182
                   1.552                     0.048463233
                   1.554                      0.04853883
                   1.556                     0.048611052
                   1.558                     0.048679911
               1.5599999                     0.048745334
                   1.562                     0.048807092
                   1.564                     0.048864927
                   1.566                     0.048918519
                   1.568                     0.048967436
               1.5700001                     0.049011264
                   1.572                      0.04904956
                   1.574                     0.049081769
                   1.576                     0.049107492
               1.5779999                     0.049126223
                    1.58                     0.049137577
                   1.582                     0.049141191
                   1.584                     0.049136762
                   1.586                      0.04912407
               1.5880001                     0.049103022
                    1.59                     0.049073558
                   1.592                     0.049035754
                   1.594                     0.048989762
                   1.596                     0.048935842
                   1.598                     0.048874326
                     1.6                     0.048805621
                   1.602                     0.048730195
                   1.604                     0.048648581
               1.6059999                     0.048561346
                   1.608                      0.04846907
                    1.61                     0.048372302
                   1.612                     0.048271623
                   1.614                      0.04816756
               1.6160001                     0.048060562
                   1.618                     0.047951084
                    1.62                     0.047839433
                   1.622                     0.047725879
                   1.624                     0.047610581
                   1.626                     0.047493603
                   1.628                     0.047374923
                    1.63                     0.047254421
                   1.632                       0.0471319
               1.6339999                     0.047007073
                   1.636                     0.046879597
                   1.638                      0.04674907
                    1.64                     0.046615057
                   1.642                     0.046477105
               1.6440001                     0.046334755
                   1.646                     0.046187554
                   1.648                     0.046035085
                    1.65                     0.045876987
                   1.652                     0.045712944
                   1.654                     0.045542724
                   1.656                     0.045366175
                   1.658                     0.045183234
                    1.66                     0.044993933
               1.6619999                       0.0447984
                   1.664                     0.044596858
                   1.666                     0.044389617
                   1.668                     0.044177048
                    1.67                     0.043959614
               1.6720001                     0.043737855
                   1.674                     0.043512288
                   1.676                     0.043283511
                   1.678                       0.0430521
               1.6799999                     0.042818621
                   1.682                     0.042583659
                   1.684                     0.042347677
                   1.686                     0.042111129
                   1.688                     0.041874405
               1.6900001                     0.041637789
                   1.692                     0.041401468
                   1.694                     0.041165579
                   1.696                     0.040930122
                   1.698                        0.040695
                     1.7                     0.040460065
                   1.702                      0.04022504
                   1.704                     0.039989632
                   1.706                       0.0397534
               1.7079999                     0.039515972
                    1.71                     0.039276838
                   1.712                     0.039035559
                   1.714                     0.038791656
                   1.716                     0.038544692
               1.7180001                     0.038294274
                    1.72                     0.038040016
                   1.722                     0.037781678
                   1.724                      0.03751906
                   1.726                     0.037252024
                   1.728                     0.036980584
                    1.73                     0.036704775
                   1.732                     0.036424816
                   1.734                     0.036140956
               1.7359999                     0.035853509
                   1.738                     0.035562932
                    1.74                     0.035269685
                   1.742                     0.034974322
                   1.744                     0.034677383
               1.7460001                     0.034379456
                   1.748                     0.034081116
                    1.75                     0.033782873
                   1.752                     0.033485305
               1.7539999                     0.033188809
                   1.756                      0.03289384
                   1.758                     0.032600671
                    1.76                      0.03230951
                   1.762                     0.032020587
               1.7640001                     0.031733837
                   1.766                     0.031449247
                   1.768                     0.031166669
                    1.77                      0.03088589
                   1.772                     0.030606549
                   1.774                     0.030328296
                   1.776                     0.030050715
                   1.778                     0.029773328
                    1.78                     0.029495664
               1.7819999                     0.029217232
                   1.784                     0.028937589
                   1.786                     0.028656296
                   1.788                     0.028372977
                    1.79                     0.028087305
               1.7920001                     0.027799087
                   1.794                     0.027508115
                   1.796                     0.027214393
                   1.798                     0.026917877
                     1.8                     0.026618784
                   1.802                     0.026317289
                   1.804                     0.026013674
                   1.806                     0.025708344
                   1.808                     0.025401829
               1.8099999                     0.025094494
                   1.812                     0.024786986
                   1.814                     0.024479795
                   1.816                     0.024173509
                   1.818                     0.023868656
               1.8200001                     0.023565721
                   1.822                     0.023265203
                   1.824                      0.02296745
                   1.826                     0.022672787
               1.8279999                     0.022381421
                    1.83                     0.022093471
                   1.832                     0.021809032
                   1.834                     0.021527961
                   1.836                     0.021250134
               1.8380001                     0.020975292
                    1.84                     0.020703113
                   1.842                     0.020433154
                   1.844                     0.020165002
                   1.846                     0.019898126
                   1.848                     0.019632019
                    1.85                     0.019366162
                   1.852                     0.019100031
                   1.854                     0.018833149
               1.8559999                      0.01856509
                   1.858                     0.018295439
                    1.86                     0.018023971
                   1.862                     0.017750405
                   1.864                     0.017474666
               1.8660001                     0.017196706
                   1.868                     0.016916623
                    1.87                     0.016634539
                   1.872                     0.016350793
                   1.874                     0.016065631
                   1.876                     0.015779549
                   1.878                     0.015493007
                    1.88                     0.015206437
                   1.882                     0.014920432
               1.8839999                     0.014635544
                   1.886                      0.01435224
                   1.888                     0.014071034
                    1.89                      0.01379242
                   1.892                     0.013516739
               1.8940001                     0.013244299
                   1.896                      0.01297529
                   1.898                     0.012709938
                     1.9                     0.012448178
                   1.902                     0.012190024
                   1.904                     0.011935224
                   1.906                      0.01168359
                   1.908                     0.011434771
                    1.91                     0.011188302
               1.9119999                      0.01094381
                   1.914                      0.01070071
                   1.916                     0.010458514
                   1.918                     0.010216658
                    1.92                     0.009974611
               1.9220001                    0.0097318748
                   1.924                    0.0094880518
                   1.926                    0.0092427125
                   1.928                    0.0089955367
               1.9299999                    0.0087463474
                   1.932                    0.0084949816
                   1.934                    0.0082414011
                   1.936                    0.0079857521
                   1.938                    0.0077281818
               1.9400001                    0.0074689179
                   1.942                    0.0072083776
                   1.944                    0.0069469791
                   1.946                     0.006685195
                   1.948                    0.0064235991
                    1.95                    0.0061627585
                   1.952                    0.0059032035
                   1.954                    0.0056455527
                   1.956                    0.0053902967
               1.9579999                    0.0051379544
                    1.96                    0.0048889839
                   1.962                    0.0046436796
                   1.964                    0.0044023478
                   1.966                    0.0041650976
               1.9680001                    0.0039320458
                    1.97                    0.0037031621
                   1.972                    0.0034782672
                   1.974                    0.0032571643
                   1.976                    0.0030395114
                   1.978                    0.0028249254
                    1.98                    0.0026129077
                   1.982                    0.0024030276
                   1.984                    0.0021946677
               1.9859999                    0.0019873341
                   1.988                    0.0017804817
                    1.99                    0.0015735932
                   1.992                    0.0013662076
                   1.994                    0.0011579485
               1.9960001                   0.00094852637
                   1.998                   0.00073764002
                       2                   0.00052520534

