        Frequency / GHz                S1,1/real
----------------------------------------------------------------------
                       0                      0.99999994
            0.0020000001                      0.99999946
            0.0040000002                      0.99999803
            0.0060000001                      0.99999577
            0.0080000004                      0.99999261
            0.0099999998                      0.99998879
                   0.012                      0.99998415
                   0.014                      0.99997914
             0.016000001                      0.99997354
             0.017999999                      0.99996763
                    0.02                       0.9999615
                   0.022                      0.99995518
                   0.024                      0.99994886
             0.026000001                      0.99994254
             0.028000001                      0.99993628
             0.029999999                      0.99993014
             0.032000002                        0.999924
             0.034000002                      0.99991792
             0.035999998                      0.99991196
             0.037999999                      0.99990582
             0.039999999                      0.99989969
             0.041999999                      0.99989319
                   0.044                      0.99988645
                   0.046                      0.99987912
                   0.048                      0.99987137
             0.050000001                      0.99986279
             0.052000001                      0.99985355
             0.054000001                      0.99984336
             0.056000002                      0.99983227
             0.057999998                      0.99982029
             0.059999999                      0.99980736
             0.061999999                      0.99979341
             0.064000003                      0.99977851
                   0.066                      0.99976283
             0.068000004                      0.99974638
                    0.07                       0.9997291
             0.071999997                      0.99971128
             0.074000001                      0.99969292
             0.075999998                      0.99967426
             0.078000002                      0.99965525
             0.079999998                      0.99963605
             0.082000002                       0.9996168
             0.083999999                      0.99959749
             0.086000003                      0.99957818
                   0.088                      0.99955893
             0.090000004                      0.99953967
                   0.092                      0.99952042
             0.093999997                      0.99950117
             0.096000001                       0.9994818
             0.097999997                      0.99946225
                     0.1                      0.99944234
                   0.102                      0.99942207
                   0.104                      0.99940127
                   0.106                      0.99937981
                   0.108                       0.9993577
                    0.11                      0.99933463
                   0.112                      0.99931073
                   0.114                      0.99928576
                   0.116                      0.99925983
                   0.118                      0.99923277
                    0.12                      0.99920475
                   0.122                      0.99917573
                   0.124                      0.99914575
                   0.126                      0.99911493
              0.12800001                      0.99908334
                    0.13                      0.99905109
                   0.132                      0.99901831
                   0.134                      0.99898505
              0.13600001                      0.99895144
                   0.138                      0.99891758
                    0.14                      0.99888355
                   0.142                      0.99884951
              0.14399999                      0.99881542
                   0.146                      0.99878126
                   0.148                      0.99874717
              0.15000001                       0.9987129
                   0.152                      0.99867862
                   0.154                      0.99864423
                   0.156                      0.99860954
              0.15800001                      0.99857444
                    0.16                      0.99853879
                   0.162                      0.99850255
                   0.164                      0.99846566
              0.16599999                      0.99842775
                   0.168                      0.99838901
                    0.17                      0.99834913
              0.17200001                      0.99830818
              0.17399999                      0.99826604
                   0.176                      0.99822265
                   0.178                      0.99817818
              0.18000001                      0.99813247
                   0.182                      0.99808568
                   0.184                      0.99803787
                   0.186                      0.99798912
              0.18799999                      0.99793965
                    0.19                      0.99788946
                   0.192                      0.99783868
              0.19400001                      0.99778736
              0.19599999                       0.9977358
                   0.198                        0.997684
                     0.2                      0.99763191
              0.20200001                      0.99757975
                   0.204                      0.99752748
                   0.206                      0.99747509
                   0.208                      0.99742258
              0.20999999                      0.99736989
                   0.212                       0.9973169
                   0.214                      0.99726349
              0.21600001                      0.99720967
              0.21799999                      0.99715525
                    0.22                      0.99710006
                   0.222                      0.99704397
              0.22400001                      0.99698687
                   0.226                      0.99692857
                   0.228                      0.99686909
                    0.23                      0.99680835
              0.23199999                      0.99674618
                   0.234                      0.99668258
                   0.236                      0.99661756
              0.23800001                      0.99655116
              0.23999999                      0.99648345
                   0.242                      0.99641442
                   0.244                      0.99634433
              0.24600001                       0.9962731
                   0.248                      0.99620098
                    0.25                      0.99612802
                   0.252                      0.99605435
              0.25400001                      0.99598008
              0.25600001                      0.99590546
              0.25799999                      0.99583036
              0.25999999                      0.99575478
              0.26199999                      0.99567902
                   0.264                      0.99560297
                   0.266                      0.99552649
              0.26800001                       0.9954496
              0.27000001                       0.9953723
              0.27200001                      0.99529433
              0.27399999                      0.99521577
              0.27599999                      0.99513632
                   0.278                      0.99505579
                    0.28                      0.99497432
              0.28200001                      0.99489146
              0.28400001                       0.9948073
              0.28600001                      0.99472153
              0.28799999                      0.99463427
              0.28999999                      0.99454534
                   0.292                      0.99445474
                   0.294                      0.99436247
                   0.296                      0.99426854
              0.29800001                      0.99417299
              0.30000001                      0.99407589
              0.30199999                      0.99397737
              0.30399999                      0.99387747
              0.30599999                      0.99377638
                   0.308                      0.99367422
                    0.31                      0.99357104
              0.31200001                      0.99346709
              0.31400001                      0.99336225
              0.31600001                      0.99325681
              0.31799999                      0.99315065
              0.31999999                       0.9930439
                   0.322                      0.99293649
                   0.324                      0.99282837
              0.32600001                      0.99271959
              0.32800001                      0.99260986
              0.33000001                      0.99249917
              0.33199999                      0.99238735
              0.33399999                      0.99227422
                   0.336                      0.99215966
                   0.338                       0.9920435
                    0.34                       0.9919256
              0.34200001                      0.99180567
              0.34400001                      0.99168372
              0.34599999                      0.99155968
              0.34799999                      0.99143332
              0.34999999                       0.9913047
                   0.352                       0.9911738
                   0.354                      0.99104059
              0.35600001                      0.99090523
              0.35800001                      0.99076778
              0.36000001                      0.99062818
              0.36199999                      0.99048674
              0.36399999                      0.99034339
                   0.366                      0.99019849
                   0.368                      0.99005204
                    0.37                      0.98990428
              0.37200001                      0.98975521
              0.37400001                      0.98960489
              0.37599999                      0.98945349
              0.37799999                      0.98930091
                    0.38                      0.98914731
                   0.382                      0.98899251
                   0.384                      0.98883647
              0.38600001                      0.98867911
              0.38800001                      0.98852026
              0.38999999                      0.98835975
              0.39199999                      0.98819739
              0.39399999                      0.98803306
                   0.396                      0.98786646
                   0.398                      0.98769748
              0.40000001                      0.98752594
              0.40200001                      0.98735172
              0.40400001                      0.98717463
              0.40599999                      0.98699456
              0.40799999                       0.9868114
                    0.41                      0.98662525
                   0.412                      0.98643601
                   0.414                      0.98624367
              0.41600001                      0.98604834
              0.41800001                      0.98585016
              0.41999999                      0.98564905
              0.42199999                       0.9854455
              0.42399999                      0.98523921
                   0.426                      0.98503059
                   0.428                      0.98481959
              0.43000001                       0.9846065
              0.43200001                      0.98439115
              0.43399999                      0.98417389
              0.43599999                      0.98395443
              0.43799999                        0.983733
                    0.44                      0.98350942
                   0.442                      0.98328364
              0.44400001                      0.98305553
              0.44600001                      0.98282486
              0.44800001                      0.98259163
              0.44999999                      0.98235554
              0.45199999                      0.98211634
                   0.454                      0.98187387
                   0.456                        0.981628
                   0.458                      0.98137844
              0.46000001                        0.981125
              0.46200001                      0.98086756
              0.46399999                      0.98060602
              0.46599999                       0.9803403
              0.46799999                      0.98007029
                    0.47                      0.97979599
                   0.472                      0.97951746
              0.47400001                      0.97923458
              0.47600001                      0.97894758
              0.47799999                      0.97865653
              0.47999999                      0.97836125
              0.48199999                      0.97806215
                   0.484                      0.97775924
                   0.486                       0.9774524
              0.48800001                      0.97714186
              0.49000001                       0.9768275
              0.49200001                      0.97650951
              0.49399999                      0.97618765
              0.49599999                      0.97586185
                   0.498                      0.97553205
                     0.5                      0.97519803
              0.50199997                      0.97485965
              0.50400001                      0.97451663
              0.50599998                      0.97416866
              0.50800002                      0.97381568
              0.50999999                      0.97345722
              0.51200002                      0.97309309
                   0.514                      0.97272313
              0.51599997                      0.97234702
              0.51800001                       0.9719646
              0.51999998                       0.9715758
              0.52200001                      0.97118044
              0.52399999                      0.97077847
              0.52600002                      0.97036982
                   0.528                      0.96995455
              0.52999997                      0.96953279
              0.53200001                      0.96910441
              0.53399998                      0.96866983
              0.53600001                      0.96822882
              0.53799999                      0.96778166
              0.54000002                      0.96732861
                   0.542                      0.96686959
              0.54400003                      0.96640491
                   0.546                      0.96593422
              0.54799998                       0.9654578
              0.55000001                      0.96497548
              0.55199999                      0.96448708
              0.55400002                      0.96399236
              0.55599999                      0.96349132
              0.55800003                      0.96298337
                    0.56                      0.96246827
              0.56199998                      0.96194535
              0.56400001                      0.96141458
              0.56599998                      0.96087509
              0.56800002                      0.96032667
              0.56999999                      0.95976871
              0.57200003                      0.95920074
                   0.574                      0.95862234
              0.57599998                      0.95803314
              0.57800001                      0.95743275
              0.57999998                      0.95682096
              0.58200002                      0.95619744
              0.58399999                      0.95556217
              0.58600003                      0.95491493
                   0.588                      0.95425594
              0.58999997                      0.95358503
              0.59200001                      0.95290244
              0.59399998                      0.95220822
              0.59600002                      0.95150262
              0.59799999                      0.95078576
              0.60000002                      0.95005792
                   0.602                      0.94931912
              0.60399997                      0.94856954
              0.60600001                      0.94780928
              0.60799998                      0.94703835
              0.61000001                      0.94625652
              0.61199999                       0.9454639
              0.61400002                      0.94466013
                   0.616                      0.94384485
              0.61799997                      0.94301784
                    0.62                      0.94217843
              0.62199998                       0.9413262
              0.62400001                      0.94046038
              0.62599999                      0.93958056
              0.62800002                      0.93868595
                    0.63                      0.93777567
              0.63200003                      0.93684924
                   0.634                      0.93590587
              0.63599998                      0.93494487
              0.63800001                      0.93396568
              0.63999999                       0.9329676
              0.64200002                      0.93195027
              0.64399999                      0.93091309
              0.64600003                      0.92985576
                   0.648                      0.92877793
              0.64999998                       0.9276793
              0.65200001                      0.92655957
              0.65399998                      0.92541873
              0.65600002                      0.92425644
              0.65799999                      0.92307287
              0.66000003                      0.92186755
                   0.662                      0.92064059
              0.66399997                      0.91939169
              0.66600001                      0.91812074
              0.66799998                      0.91682756
              0.67000002                      0.91551179
              0.67199999                      0.91417313
              0.67400002                      0.91281122
                   0.676                      0.91142553
              0.67799997                      0.91001552
              0.68000001                      0.90858078
              0.68199998                      0.90712059
              0.68400002                      0.90563416
              0.68599999                      0.90412086
              0.68800002                       0.9025799
                    0.69                      0.90101063
              0.69199997                      0.89941221
              0.69400001                      0.89778382
              0.69599998                       0.8961246
              0.69800001                      0.89443386
              0.69999999                      0.89271069
              0.70200002                      0.89095449
                   0.704                      0.88916427
              0.70599997                      0.88733923
                   0.708                      0.88547862
              0.70999998                      0.88358164
              0.71200001                      0.88164729
              0.71399999                      0.87967461
              0.71600002                      0.87766278
              0.71799999                      0.87561047
              0.72000003                      0.87351686
                   0.722                      0.87138057
              0.72399998                      0.86920047
              0.72600001                      0.86697525
              0.72799999                      0.86470336
              0.73000002                      0.86238343
              0.73199999                      0.86001408
              0.73400003                      0.85759372
                   0.736                       0.8551209
              0.73799998                      0.85259378
              0.74000001                      0.85001123
              0.74199998                       0.8473717
              0.74400002                      0.84467363
              0.74599999                      0.84191597
              0.74800003                       0.8390972
                    0.75                      0.83621633
              0.75199997                      0.83327222
              0.75400001                      0.83026409
              0.75599998                      0.82719094
              0.75800002                      0.82405186
              0.75999999                      0.82084644
              0.76200002                      0.81757379
                   0.764                      0.81423324
              0.76599997                      0.81082398
              0.76800001                      0.80734557
              0.76999998                      0.80379689
              0.77200001                      0.80017716
              0.77399999                       0.7964853
              0.77600002                      0.79271996
                   0.778                      0.78887981
              0.77999997                      0.78496325
              0.78200001                      0.78096837
              0.78399998                      0.77689308
              0.78600001                       0.7727353
              0.78799999                      0.76849252
              0.79000002                      0.76416224
                   0.792                      0.75974166
              0.79400003                      0.75522816
                   0.796                      0.75061905
              0.79799998                      0.74591148
              0.80000001                      0.74110281
              0.80199999                      0.73619062
              0.80400002                      0.73117238
              0.80599999                      0.72604638
              0.80800003                      0.72081053
                    0.81                      0.71546358
              0.81199998                      0.71000433
              0.81400001                      0.70443207
              0.81599998                      0.69874662
              0.81800002                      0.69294786
              0.81999999                       0.6870364
              0.82200003                      0.68101293
                   0.824                      0.67487866
              0.82599998                      0.66863483
              0.82800001                      0.66228324
              0.82999998                      0.65582579
              0.83200002                      0.64926422
              0.83399999                      0.64260077
              0.83600003                      0.63583744
                   0.838                       0.6289764
              0.83999997                      0.62201971
              0.84200001                      0.61496931
              0.84399998                      0.60782713
              0.84600002                      0.60059524
              0.84799999                      0.59327531
              0.85000002                      0.58586937
                   0.852                      0.57837898
              0.85399997                      0.57080638
              0.85600001                      0.56315368
              0.85799998                      0.55542302
              0.86000001                      0.54761708
              0.86199999                      0.53973889
              0.86400002                      0.53179199
                   0.866                      0.52378041
              0.86799997                      0.51570863
                    0.87                      0.50758201
              0.87199998                      0.49940667
              0.87400001                      0.49118912
              0.87599999                      0.48293701
              0.87800002                      0.47465852
                    0.88                      0.46636251
              0.88200003                       0.4580586
                   0.884                      0.44975692
              0.88599998                      0.44146818
              0.88800001                      0.43320334
              0.88999999                      0.42497382
              0.89200002                      0.41679102
              0.89399999                      0.40866649
              0.89600003                      0.40061158
                   0.898                      0.39263746
              0.89999998                      0.38475484
              0.90200001                      0.37697405
              0.90399998                      0.36930475
              0.90600002                      0.36175588
              0.90799999                      0.35433578
              0.91000003                       0.3470518
                   0.912                      0.33991069
              0.91399997                      0.33291805
              0.91600001                      0.32607892
              0.91799998                      0.31939739
              0.92000002                      0.31287679
              0.92199999                       0.3065199
              0.92400002                       0.3003287
                   0.926                      0.29430452
              0.92799997                       0.2884486
              0.93000001                      0.28276137
              0.93199998                      0.27724305
              0.93400002                      0.27189371
              0.93599999                      0.26671296
              0.93800002                      0.26170048
                    0.94                      0.25685555
              0.94199997                      0.25217748
              0.94400001                       0.2476653
              0.94599998                       0.2433179
              0.94800001                        0.239134
              0.94999999                      0.23511191
              0.95200002                      0.23124979
                   0.954                      0.22754528
              0.95599997                      0.22399569
                   0.958                      0.22059774
              0.95999998                      0.21734771
              0.96200001                      0.21424125
              0.96399999                      0.21127346
              0.96600002                      0.20843878
              0.96799999                      0.20573118
              0.97000003                      0.20314401
                   0.972                      0.20067023
              0.97399998                      0.19830236
              0.97600001                      0.19603264
              0.97799999                       0.1938533
              0.98000002                      0.19175632
              0.98199999                      0.18973406
              0.98400003                      0.18777901
                   0.986                      0.18588424
              0.98799998                      0.18404335
              0.99000001                      0.18225066
              0.99199998                      0.18050148
              0.99400002                      0.17879203
              0.99599999                      0.17711958
              0.99800003                      0.17548263
                       1                      0.17388065
                   1.002                      0.17231442
               1.0039999                      0.17078573
                   1.006                      0.16929743
                   1.008                      0.16785325
                    1.01                      0.16645783
                   1.012                      0.16511627
               1.0140001                      0.16383432
                   1.016                      0.16261794
                   1.018                      0.16147323
                    1.02                       0.1604062
                   1.022                      0.15942262
                   1.024                      0.15852785
                   1.026                      0.15772672
                   1.028                      0.15702331
                    1.03                      0.15642105
               1.0319999                      0.15592249
                   1.034                      0.15552931
                   1.036                      0.15524244
                   1.038                      0.15506198
                    1.04                      0.15498731
               1.0420001                      0.15501721
                   1.044                      0.15515003
                   1.046                      0.15538377
                   1.048                       0.1557162
                    1.05                      0.15614519
                   1.052                      0.15666871
                   1.054                      0.15728505
                   1.056                      0.15799296
                   1.058                      0.15879174
               1.0599999                      0.15968139
                   1.062                      0.16066265
                   1.064                      0.16173699
                   1.066                      0.16290665
                   1.068                      0.16417457
               1.0700001                      0.16554436
                   1.072                      0.16702019
                   1.074                      0.16860659
                   1.076                      0.17030838
               1.0779999                       0.1721305
                    1.08                      0.17407767
                   1.082                      0.17615449
                   1.084                      0.17836501
                   1.086                      0.18071264
               1.0880001                      0.18320006
                    1.09                      0.18582903
                   1.092                      0.18860023
                   1.094                      0.19151339
                   1.096                      0.19456708
                   1.098                      0.19775875
                     1.1                      0.20108479
                   1.102                       0.2045407
                   1.104                      0.20812108
               1.1059999                      0.21181971
                   1.108                      0.21563002
                    1.11                       0.2195449
                   1.112                      0.22355714
                   1.114                      0.22765957
               1.1160001                      0.23184516
                   1.118                      0.23610735
                    1.12                      0.24044001
                   1.122                      0.24483787
                   1.124                      0.24929641
                   1.126                      0.25381193
                   1.128                      0.25838172
                    1.13                      0.26300398
                   1.132                      0.26767781
               1.1339999                      0.27240312
                   1.136                      0.27718058
                   1.138                      0.28201148
                    1.14                      0.28689748
                   1.142                      0.29184061
               1.1440001                      0.29684302
                   1.146                      0.30190673
                   1.148                      0.30703348
                    1.15                      0.31222469
                   1.152                      0.31748116
                   1.154                      0.32280299
                   1.156                      0.32818949
                   1.158                      0.33363912
                    1.16                      0.33914945
               1.1619999                      0.34471714
                   1.164                      0.35033798
                   1.166                      0.35600701
                   1.168                      0.36171839
                    1.17                      0.36746594
               1.1720001                      0.37324291
                   1.174                      0.37904227
                   1.176                      0.38485685
                   1.178                      0.39067954
               1.1799999                      0.39650336
                   1.182                      0.40232188
                   1.184                      0.40812895
                   1.186                      0.41391921
                   1.188                      0.41968781
               1.1900001                      0.42543077
                   1.192                      0.43114498
                   1.194                      0.43682802
                   1.196                       0.4424783
                   1.198                      0.44809502
                     1.2                       0.4536778
                   1.202                      0.45922703
                   1.204                      0.46474355
                   1.206                      0.47022831
               1.2079999                      0.47568259
                    1.21                      0.48110774
                   1.212                      0.48650494
                   1.214                      0.49187508
                   1.216                      0.49721897
               1.2180001                      0.50253689
                    1.22                      0.50782865
                   1.222                      0.51309359
                   1.224                      0.51833051
                   1.226                      0.52353776
                   1.228                      0.52871329
                    1.23                      0.53385442
                   1.232                      0.53895825
                   1.234                      0.54402167
               1.2359999                      0.54904121
                   1.238                      0.55401367
                    1.24                      0.55893564
                   1.242                      0.56380391
                   1.244                      0.56861556
               1.2460001                      0.57336825
                   1.248                      0.57805961
                    1.25                      0.58268803
                   1.252                      0.58725244
               1.2539999                      0.59175211
                   1.256                        0.596187
                   1.258                      0.60055751
                    1.26                      0.60486442
                   1.262                       0.6091091
               1.2640001                      0.61329317
                   1.266                      0.61741835
                   1.268                      0.62148678
                    1.27                      0.62550044
                   1.272                      0.62946153
                   1.274                      0.63337189
                   1.276                       0.6372335
                   1.278                      0.64104772
                    1.28                      0.64481604
               1.2819999                      0.64853936
                   1.284                       0.6522184
                   1.286                      0.65585339
                   1.288                      0.65944445
                    1.29                      0.66299111
               1.2920001                        0.666493
                   1.294                      0.66994935
                   1.296                      0.67335933
                   1.298                      0.67672187
                     1.3                      0.68003625
                   1.302                      0.68330151
                   1.304                      0.68651694
                   1.306                      0.68968195
                   1.308                      0.69279617
               1.3099999                      0.69585967
                   1.312                      0.69887257
                   1.314                      0.70183533
                   1.316                      0.70474875
                   1.318                      0.70761383
               1.3200001                      0.71043187
                   1.322                      0.71320421
                   1.324                      0.71593249
                   1.326                      0.71861839
               1.3279999                      0.72126353
                    1.33                      0.72386956
                   1.332                      0.72643805
                   1.334                      0.72897053
                   1.336                      0.73146814
               1.3380001                      0.73393202
                    1.34                      0.73636299
                   1.342                      0.73876154
                   1.344                      0.74112815
                   1.346                      0.74346274
                   1.348                      0.74576527
                    1.35                      0.74803531
                   1.352                      0.75027269
                   1.354                      0.75247657
               1.3559999                      0.75464636
                   1.358                      0.75678158
                    1.36                      0.75888145
                   1.362                      0.76094556
                   1.364                      0.76297355
               1.3660001                        0.764965
                   1.368                      0.76691997
                    1.37                      0.76883858
                   1.372                      0.77072108
                   1.374                      0.77256799
                   1.376                      0.77438015
                   1.378                      0.77615821
                    1.38                      0.77790332
                   1.382                      0.77961653
               1.3839999                      0.78129888
                   1.386                      0.78295165
                   1.388                      0.78457618
                    1.39                      0.78617334
                   1.392                      0.78774428
               1.3940001                      0.78928989
                   1.396                      0.79081094
                   1.398                      0.79230821
                     1.4                      0.79378206
                   1.402                      0.79523289
                   1.404                      0.79666084
                   1.406                      0.79806608
                   1.408                      0.79944849
                    1.41                      0.80080783
               1.4119999                      0.80214417
                   1.414                      0.80345726
                   1.416                      0.80474687
                   1.418                      0.80601281
                    1.42                      0.80725515
               1.4220001                      0.80847389
                   1.424                      0.80966908
                   1.426                       0.8108412
                   1.428                      0.81199044
               1.4299999                      0.81311733
                   1.432                      0.81422257
                   1.434                      0.81530684
                   1.436                      0.81637079
                   1.438                      0.81741548
               1.4400001                      0.81844133
                   1.442                      0.81944948
                   1.444                      0.82044053
                   1.446                      0.82141525
                   1.448                      0.82237405
                    1.45                      0.82331759
                   1.452                      0.82424605
                   1.454                      0.82515967
                   1.456                      0.82605851
               1.4579999                      0.82694238
                    1.46                      0.82781124
                   1.462                      0.82866466
                   1.464                      0.82950246
                   1.466                      0.83032423
               1.4680001                      0.83112955
                    1.47                      0.83191806
                   1.472                      0.83268958
                   1.474                      0.83344394
                   1.476                      0.83418107
                   1.478                      0.83490109
                    1.48                      0.83560425
                   1.482                      0.83629113
                   1.484                      0.83696228
               1.4859999                      0.83761835
                   1.488                      0.83826053
                    1.49                      0.83888978
                   1.492                       0.8395071
                   1.494                        0.840114
               1.4960001                      0.84071153
                   1.498                      0.84130085
                     1.5                      0.84188318
                   1.502                       0.8424595
               1.5039999                      0.84303081
                   1.506                      0.84359765
                   1.508                      0.84416062
                    1.51                      0.84472013
                   1.512                      0.84527612
               1.5140001                      0.84582859
                   1.516                      0.84637702
                   1.518                      0.84692115
                    1.52                      0.84746009
                   1.522                      0.84799314
                   1.524                      0.84851938
                   1.526                      0.84903789
                   1.528                      0.84954774
                    1.53                      0.85004807
               1.5319999                      0.85053813
                   1.534                       0.8510173
                   1.536                      0.85148501
                   1.538                      0.85194117
                    1.54                      0.85238552
               1.5420001                      0.85281819
                   1.544                      0.85323977
                   1.546                      0.85365087
                   1.548                      0.85405219
                    1.55                      0.85444468
                   1.552                      0.85482961
                   1.554                      0.85520804
                   1.556                      0.85558146
                   1.558                      0.85595107
               1.5599999                      0.85631824
                   1.562                      0.85668409
                   1.564                      0.85704976
                   1.566                      0.85741621
                   1.568                      0.85778439
               1.5700001                      0.85815471
                   1.572                      0.85852766
                   1.574                      0.85890341
                   1.576                      0.85928214
               1.5779999                      0.85966337
                    1.58                      0.86004686
                   1.582                      0.86043209
                   1.584                      0.86081851
                   1.586                       0.8612054
               1.5880001                      0.86159188
                    1.59                      0.86197734
                   1.592                      0.86236101
                   1.594                      0.86274236
                   1.596                      0.86312056
                   1.598                      0.86349535
                     1.6                      0.86386627
                   1.602                      0.86423331
                   1.604                      0.86459619
               1.6059999                      0.86495513
                   1.608                      0.86531031
                    1.61                      0.86566204
                   1.612                      0.86601073
                   1.614                      0.86635673
               1.6160001                      0.86670077
                   1.618                      0.86704314
                    1.62                      0.86738455
                   1.622                      0.86772531
                   1.624                      0.86806589
                   1.626                      0.86840665
                   1.628                      0.86874777
                    1.63                      0.86908948
                   1.632                      0.86943197
               1.6339999                      0.86977512
                   1.636                      0.87011898
                   1.638                      0.87046331
                    1.64                      0.87080806
                   1.642                      0.87115306
               1.6440001                      0.87149805
                   1.646                      0.87184304
                   1.648                      0.87218779
                    1.65                      0.87253231
                   1.652                      0.87287664
                   1.654                      0.87322092
                   1.656                      0.87356526
                   1.658                      0.87390989
                    1.66                      0.87425524
               1.6619999                       0.8746016
                   1.664                      0.87494946
                   1.666                       0.8752991
                   1.668                      0.87565106
                    1.67                      0.87600565
               1.6720001                      0.87636316
                   1.674                      0.87672377
                   1.676                      0.87708783
                   1.678                      0.87745512
               1.6799999                      0.87782568
                   1.682                       0.8781991
                   1.684                      0.87857509
                   1.686                       0.8789531
                   1.688                      0.87933254
               1.6900001                      0.87971264
                   1.692                      0.88009268
                   1.694                      0.88047189
                   1.696                      0.88084948
                   1.698                      0.88122475
                     1.7                      0.88159686
                   1.702                      0.88196552
                   1.704                      0.88233018
                   1.706                      0.88269055
               1.7079999                      0.88304657
                    1.71                      0.88339853
                   1.712                      0.88374668
                   1.714                      0.88409144
                   1.716                      0.88443369
               1.7180001                      0.88477427
                    1.72                      0.88511413
                   1.722                      0.88545436
                   1.724                      0.88579601
                   1.726                      0.88614035
                   1.728                      0.88648832
                    1.73                      0.88684112
                   1.732                       0.8871994
                   1.734                      0.88756412
               1.7359999                      0.88793558
                   1.738                      0.88831419
                    1.74                      0.88869989
                   1.742                      0.88909256
                   1.744                      0.88949168
               1.7460001                      0.88989663
                   1.748                      0.89030653
                    1.75                      0.89072025
                   1.752                      0.89113677
               1.7539999                      0.89155465
                   1.756                      0.89197266
                   1.758                      0.89238942
                    1.76                      0.89280379
                   1.762                      0.89321458
               1.7640001                      0.89362073
                   1.766                      0.89402163
                   1.768                      0.89441663
                    1.77                      0.89480549
                   1.772                      0.89518791
                   1.774                      0.89556426
                   1.776                      0.89593494
                   1.778                      0.89630049
                    1.78                      0.89666188
               1.7819999                      0.89701998
                   1.784                      0.89737582
                   1.786                      0.89773065
                   1.788                      0.89808553
                    1.79                      0.89844173
               1.7920001                      0.89880025
                   1.794                      0.89916176
                   1.796                      0.89952725
                   1.798                      0.89989728
                     1.8                      0.90027195
                   1.802                      0.90065157
                   1.804                      0.90103602
                   1.806                      0.90142494
                   1.808                      0.90181774
               1.8099999                      0.90221375
                   1.812                      0.90261215
                   1.814                      0.90301204
                   1.816                       0.9034124
                   1.818                      0.90381217
               1.8200001                      0.90421039
                   1.822                       0.9046064
                   1.824                      0.90499914
                   1.826                      0.90538806
               1.8279999                      0.90577275
                    1.83                      0.90615278
                   1.832                      0.90652817
                   1.834                      0.90689898
                   1.836                      0.90726537
               1.8380001                      0.90762788
                    1.84                      0.90798688
                   1.842                      0.90834302
                   1.844                      0.90869707
                   1.846                      0.90904969
                   1.848                      0.90940154
                    1.85                       0.9097532
                   1.852                      0.91010523
                   1.854                      0.91045815
               1.8559999                      0.91081196
                   1.858                      0.91116714
                    1.86                      0.91152346
                   1.862                      0.91188079
                   1.864                      0.91223878
               1.8660001                      0.91259694
                   1.868                      0.91295469
                    1.87                      0.91331154
                   1.872                      0.91366661
                   1.874                      0.91401929
                   1.876                      0.91436893
                   1.878                      0.91471499
                    1.88                        0.915057
                   1.882                      0.91539454
               1.8839999                      0.91572744
                   1.886                      0.91605556
                   1.888                      0.91637915
                    1.89                       0.9166984
                   1.892                       0.9170137
               1.8940001                      0.91732562
                   1.896                      0.91763484
                   1.898                      0.91794187
                     1.9                      0.91824764
                   1.902                      0.91855276
                   1.904                      0.91885793
                   1.906                      0.91916358
                   1.908                      0.91947043
                    1.91                      0.91977853
               1.9119999                      0.92008823
                   1.914                      0.92039931
                   1.916                      0.92071158
                   1.918                      0.92102456
                    1.92                      0.92133766
               1.9220001                      0.92165023
                   1.924                      0.92196131
                   1.926                         0.92227
                   1.928                      0.92257524
               1.9299999                      0.92287594
                   1.932                      0.92317134
                   1.934                      0.92346042
                   1.936                      0.92374259
                   1.938                      0.92401713
               1.9400001                      0.92428356
                   1.942                      0.92454207
                   1.944                      0.92479247
                   1.946                      0.92503506
                   1.948                      0.92527044
                    1.95                      0.92549914
                   1.952                      0.92572194
                   1.954                       0.9259401
                   1.956                      0.92615443
               1.9579999                      0.92636615
                    1.96                      0.92657626
                   1.962                      0.92678583
                   1.964                      0.92699575
                   1.966                       0.9272067
               1.9680001                      0.92741936
                    1.97                      0.92763412
                   1.972                      0.92785096
                   1.974                      0.92806983
                   1.976                      0.92829043
                   1.978                      0.92851204
                    1.98                      0.92873406
                   1.982                      0.92895538
                   1.984                      0.92917496
               1.9859999                       0.9293918
                   1.988                      0.92960453
                    1.99                      0.92981213
                   1.992                      0.93001336
                   1.994                      0.93020749
               1.9960001                       0.9303937
                   1.998                      0.93057126
                       2                         0.93074

